6053968958636615648
347235229785536
18651960012572
1090492999
091
0946267489000472
8180369
687222
18337398013
440
79
627037
53770989968
0007634391904186406
412135449743
155293872810
685500694264106
26186600674
833467086
10306939
6424
0277540
7956
671830811268096
095419056615624514
62847850779562
534155353641492943
8290510933393943901
35612101450
84198452
95731323
4350578798912062
0854737423
1061406419
05120250606
358805
13914909317747270
671
61066652015308658
569
024577940
27169391629992564
6142394484333113
91
611
2780936676625314269
28163420
75793829317785
4904
1226076173562
2095587156
972546
665
227424628446156863
796762842
422825842891229274
09292631565383
2812804215108
243564400971918
228566717
8994067
788937376
796345047934
165562981042667
648747170534144
806424144074536403
16
537028849324
2661006335
828646424666218649
113
19881
99951
64
1075618664517
3956874896042345
719698583
1353
7565011061499598439
10221847458569443
96684456650
57397370
487131825136651
125006
06247
5867086014675
5944979211941432
512215344115
961383961
716
752950519933300
8222
0016428143
7723865833
4515519938299
40515
27569
02679507
783047281484399919
49205399221078
4472715833995072122
380711018538525
03191575248628260
6883605
840521884104107
54925930
687009499524
7569406226552511
4219
770651524204374
8829763291169
1036060694914032196
4553
1471
39337159142
02482669870403
760
531269766192280810
4035744599041597408
410
925
302227859905
86980179996
55918589725
458126
61861412
90957598987171958
43
90572112441164970
3743477111564537
2546037136476522046
7837
853658960462320
01321356120833558
88997241286923
1636544
012588059957041022
69846497816
6873559008588715746
163871812459686
22
431453
01054283939
368830166706
161419
33050787525310552
138637758843
69372286170823
7075418159422298096
8265273094
666879379469445
429942687
899895848640180791
825208130123
611550817
143
06465667663
38235852199
843821014402
16
70383627309
09778
7729
06375338834060
93285271723
0053789
99638699604483
398464133
64
896
85
1035090667319
0254293962992689
74748332
812
58
15171
53301283841
57241
95423083426
33107316547
40865014918739655
666007202
0804
021943679
00
58
93536530574
66163208044601174
135043561089
25694
671369396922
70776
2049660305122718001
7259
1536514
113797864990723594
5170710177
015564849
9746330343958390967
7896874624322194
6757
1314192433
645619800362274
470
746
054
29649543
314
79455238582
2144
8495001
93252329923020
489045
0775448124189864768
298288
22
71420379897
79324744
4189
418633094567200532
2991365252184935707
869132358
346530
59545349
212673
8619733058978144557
4405893706953233
2276756544
3641600
49330724481698289
2817610
5026535648423560
98129
609135385952953701
7546327606
23637
2843662609
271619996122
43255
81335338
07566185123
85139900314034
00
818072321947150575
215383050499811
03905374391
2832199477606
4087176000
6917
46298
8541707
442562504342
45885267436205
7636394898
2143381
96681845647216442
6414047523524008391
86734632
68191
42148459
66153251463
7493640164802700
54714725804033
853057
087851706739012925
3632413227
87269
47958866
351
5147549232706
427
28393895707305
4556824
2722534822
591261492176
935976
9754
67597152729
1720957137121682838
587213621
769069445986812832
197
79
9710
73042216
75270386889
9218438117
851055336006
417771790801671416
5671521693430703
3772042284
24464772
842
235196
667989914033284217
64
21776
64
933136421498704460
386953
6778629431704085
021824739390060
907120343044149413
4514424316326
99893818
14064484
528121
64
5750087399648
41606430
95479
494
77067336452
275935555
463206532879019
4515865790434841820
91
3516278773599637
421468012778
72159718
4167
9889513196
252752
78250692
688
4958594672709370710
978
504198842197136
41741
1478875607
8329
492001455813396
3160112587681957
9992352
84907303058876364
41904467
43
967113
972257
10557405109271
5192938630782092
114052275899127
328061
551669
052799445622570
8750924469
6973
20872255
981750
052740211525823564
7600642570
22712808999
16
4278744833
4640061430112
659486
49830
050654776105481897
39419
553467393219
40120258218134
37168471752666
8815499893475914559
37292484491962247
18438165162641521
138618350114510
3542225
955
55111774482751
05335930856557183
3404
29359593
984418400312350
732621
8658820554253328531
532041864775318
40766976
386562783945369
70619912567246179
576070423113655
263262448432603
3943
1748
175791495
7906562053
373560157
11471028006966
3742394987651644213
674258375
7610924640535338669
231842976923701980
70733265413330548
491698012326506
9001
722987113307387658
75786726040233690
7244253944
5281
394481129694289
8667044374360
4198503607592
35437157934642
56126702688
084657
7101679281622990923
66854016064525
070559
889
47432177826856362
43
22411564044
873856028874688841
972135965718856
054708
0445328073605
2095812612114653
561837145959
0636418
8413969
941502144
64
29555125
498705462601311157
8147
197
925747
96795400
34250032
8697
112930726893855377
21877849226914594
3441702
995146721
6584864151219283
286158840597107
3437917395706
32300645
58153825907339781
15119445576
844817201930112426
776
6639
74970967015948603
0788256417902494
7957516989065050387
6632617604
91
90831318669
33012561981
18947536485734
70583574212
1602438963
74460378
72035978235692851
302485289
836746822751
7576180569355792184
580515621
58779
61341948174
1317473
16914038429
881952836542723
43940219768739
4890810521949287
661881729476166010
219
370901016782980517
54794
98710447
37030064140942416
6037579
614241779421
843968115768415
3504004
591978676325361548
0657
786420064685833
9749996513673656
5672265545787198
878979
12411
169676906318
92078073781
722420440760388644
829
2576562325
400454757966779957
38220451742817600
1983338
4315090458
63720287347
015060622
97760698156398
43
248020346
51107388347110394
6677274
3750
3112881
7060989101032610600
02391103413045077
43
28522286977
4145451145694
06962000
1558303242312165213
512336
28460746
044843712194961
38882516961427921
02996
7134991205
91562127818
79
705659016890088
2809180345540379607
575
57705675430165
157396801047
850046236853409
5160915
70192
0035441376911261934
0481821414879
976907301
0622781783081880978
039524664
0508129082262
965245333683
054
9559605442566954407
1288478084034937608
716
72636748934792059
6083
5753097284415454104
355295512211951561
37
54419317
88834972
22616575
470
29366401251972
515674801996941
73401903
8137116976177573050
3569204300804508
69517
932
7302405783
58132658769342286
1313781374960215948
2010384
722761037706
6667253884180
452472743808
02624099919
9046
801193964177586298
91
02391242006
349155450133446149
64
832230118355
184670677499
9486458511390780474
8519290012180449
814865830111901
9909058697272837567
4831
7929084726620483999
9143
37158068120
475744522762
37
1715
91777501241
4555422723
09454
833158417313230721
2951049432082028
2881443
842
3533213920950839511
37
1514317187698560
457
05309454170067784
61637755537577
0590136
235264896671
9324042040
19523702641763116
35763912014876
136596094977821
719869367864824005
4874796
8674
441002
3052041006
509857607191395
551904980570
7634
1986
708380271038716
171029
70101555398719
7741156632004384
134466641631
3597380670
0884881211
37
4949
0355001658
3850470444
464
07474978014289585
638043728
7680339929
127016298965894928
55303845201051
537478912428070
9580016
79133354192
954234439705254
701791
0204825841
4534675273687993814
7889057080726636
28281247
32146
74982
8329
0543983392472415947
1652469
8952996
93910641639664202
955499315032114135
7428674592723
02490607
788823126683757
672945052
085421172
93512648785
22
121160450742
37
7137653264907581256
19341652058
442455347573
192666089353673
5421191600372964314
64
0453
49872
1891643196960958574
17085890863571
27246630
7392860510
031
94228142
69354665916
44997931623
889079069
24839898863
48916261413529
7976545593217
00203556009
95115351360240
43725046811555636
5270
3463197855
5704988538909333707
780178790839323
79
26900037892324080
04867109
721541516573788089
123209042601
2101709297461
88439825328163
4383
4578232631902291028
180078796
22828513970376680
7299298492360842
543817915964381501
3118347
855745960486
383482
0840730
5050491402488490823
0235029
3642084
955
235248
8499359331875060
37436
03523481183096466
55801286
35108302415512
875370855400
2154932940786614
91
168135225
550193281082195
99282964465
33366999268044
78249
775245131279336399
2321521047438997
249
0842229469523535951
1251763068940023902
8304622365744278
7837
368
676993645
820521
7259683704
1182061195
443362
735204014540
9504413233639997
4561215179
2340344007
3550746270739513
640640838
866
419852061409
46197
3280511218028839034
287131
23426545354153
3032036740404198267
14947
377742428
729682
93469854605154255
494493
4648338148816251
8951955
75254820690
6413
286
4480237
30243
6153300451137289355
547816969454312502
81476549061
7922968405
6113
4189
65898039
069660246
206603
052044
29172046615
01933740696114
7673774189
320811064159145
399883307952343003
68895602599353
63881421392103227
61458855
828008
55744078089325
98591271
24996599546267
00
6794414
526728866955131362
085233
268490595621813
168906438111940
06430055847
886151158253360690
7319995
215036
2490593790
2862653378242
8220982586429230
2412289703986363
67812715772167104
59572689583307240
7838841
4211411233944992593
592379836234054311
24329053489444
747519749218340627
11308615833119579
58
83155507611355
7141
63156293516500
7978
37
515
5623378
6679651
2622533105160348
77362340336
64763197
85
961554702948089817
60591
914738627119763661
842
55728257
8077305993
98034580219
33978
85
16603939585
129733121328
05746868910
5140734294133
1396707911694386029
26057898543315423
54810
482320327812
84737766
7209362
25331105326
896
656944246979473
37
5701546648124014167
8730893954784
60469484
14124545253352975
67418391
384028254578171521
575092
881404
36632
2228435
226
312229921203542
0534271415814376043
057680
41526825846
1175271
76166
68611
52558653028
50807
100019325
8442933194612279
849170373563
9378423994
641
734777521601223865
64
8299880983262
398067205718694
365921744643
34724
5152564965
71735229709
9669
266667928
03553035048543
861671823325
9614
2479850128
2571259936
375107432872880029
9298418025917593527
718142315
4318948757554
4317741805067358
047
021740964
808337180
770691
61641350276462694
99892
470351
4609663041632270
07891490773244
307
6591346808430952
32207878182308
9060892442649160
0295
0823551301
68824160156030
570894862
241333427152696
58
302370556
658
321
12469000
709
564761222
902192223507567134
730
300572
016331782147826371
92946732431116
114581903
87843235
24734
13114692557737264
4520
85
051337602984
381
8040
392523
204724447749
9528298
06210
16
7674556671301
66262
3472605
4207
8931725198763705
85
52744923172803078
5261493346
180
49545889581025199
652538044784
438296998488000812
70993423818659751
010230
57149111008799842
72556547
47270280
58
0584417797517
2147449282709645
611
64
817619526558547
145640
452603391366
8763627931511382
89363715340917
101770848029
7514561561381944
765032711812885247
90013472
4564236882
16
5854835601249284635
327795101
71096608626126282
82707
3343
21165000421158668
6571580734797
56953367230073
7433247557988928893
579163
635
3327936943537557762
6988940408368000849
30369688
2893241799806583986
90401817495565
045632407412
11740475716
947015255
723
29786561987442596
253467339203
984077
32721
031
109586693711
5545141363639299
88734
49047
8963
49583706069
7031917902
077995254341405076
8273332914058966
224461190530727639
0090345929899620
671698
64
78223026870
73641806
1342
22876069
0924508219491
11878807641
5959727559986
639179
55791
695769533508613559
45415269