1000
93 8 68
89 74 71
94 30 1
96 44 13
16 46 80
20 28 98
33 35 34
6 90 18
54 36 40
20 46 23
72 40 83
13 15 75
47 53 21
74 32 14
91 2 11
93 28 75
76 47 70
3 53 40
56 35 42
27 97 67
66 20 11
56 83 72
42 4 54
36 67 58
57 38 52
14 65 87
67 94 53
32 38 20
16 66 96
70 25 2
59 30 95
13 99 9
67 53 15
55 47 53
70 15 34
38 13 25
17 53 33
32 60 75
21 84 62
80 60 28
23 79 47
39 12 84
75 97 39
44 27 57
39 42 75
55 98 32
62 17 79
17 79 13
74 35 91
7 83 47
75 91 13
55 93 15
57 75 18
75 52 73
22 34 52
68 88 5
34 92 69
12 24 3
33 70 76
60 98 27
48 46 58
74 32 16
41 26 27
54 47 14
77 97 48
97 83 99
87 63 16
16 43 68
4 99 54
84 24 17
33 56 65
59 22 76
97 18 34
89 8 11
68 6 13
95 44 79
87 66 72
17 55 29
15 87 67
59 78 24
6 27 73
4 86 31
74 83 52
85 12 5
84 40 70
87 70 20
100 26 16
51 57 31
7 29 92
69 82 83
77 65 16
79 40 83
91 2 82
93 92 92
54 7 5
36 93 63
67 60 11
21 28 21
7 55 85
77 18 99
97 14 17
76 82 99
43 82 18
30 64 56
26 4 85
100 91 18
100 91 95
87 5 14
60 57 42
31 9 89
94 24 53
70 35 40
33 12 86
33 60 68
70 67 75
100 91 42
8 61 3
37 87 8
52 36 12
5 19 45
22 75 38
52 60 75
3 83 27
22 84 76
24 1 68
60 81 24
72 45 65
49 97 30
22 95 30
36 12 28
37 73 10
37 62 67
73 5 80
24 57 9
41 62 75
99 13 4
99 92 60
33 29 79
32 67 10
22 14 70
96 55 72
21 53 4
3 19 75
26 63 84
31 32 20
22 15 99
53 48 15
99 41 62
22 88 73
37 17 62
94 54 91
25 63 58
32 47 87
7 21 17
91 25 16
100 55 38
61 88 67
82 97 70
96 80 66
15 74 4
83 88 33
24 8 15
49 11 58
34 67 6
2 94 46
46 60 87
53 86 23
84 18 41
28 58 46
78 28 94
64 88 26
6 74 68
89 80 24
58 85 42
45 58 33
35 35 60
66 17 16
25 25 97
85 55 91
51 16 83
89 11 13
64 76 28
42 65 78
23 7 3
44 19 7
72 36 27
38 31 43
13 62 69
77 76 20
3 96 47
8 88 1
76 21 60
7 68 97
17 2 33
54 73 68
9 67 98
50 45 96
63 47 47
55 71 19
53 52 65
66 90 100
0 68 90
52 79 95
50 27 13
80 65 25
51 66 33
100 70 91
77 31 9
57 52 31
40 29 19
44 33 42
78 56 13
15 28 37
25 69 7
31 3 8
12 7 78
75 30 25
78 12 41
20 41 6
39 5 87
51 82 15
83 15 78
23 24 41
73 81 87
85 70 9
83 56 97
68 85 59
13 62 100
40 5 31
5 42 25
27 69 53
55 99 81
82 35 76
19 57 99
26 57 61
42 93 63
40 58 61
88 17 100
38 18 100
48 62 3
74 73 98
80 46 30
21 81 30
16 86 48
76 45 72
75 69 6
45 61 96
54 84 33
33 44 96
47 27 41
30 29 57
11 30 40
75 28 25
98 85 38
46 59 25
72 69 8
68 82 88
45 39 23
77 89 75
95 95 17
53 5 47
29 35 24
11 60 98
57 59 38
87 93 35
33 17 14
100 37 76
10 9 17
31 43 35
23 70 19
37 43 86
32 43 54
54 72 3
5 47 66
54 86 32
59 60 85
22 28 37
12 65 66
39 72 57
54 31 99
17 43 82
80 32 67
55 94 1
39 94 64
71 86 34
78 92 39
96 67 6
7 54 41
62 90 75
47 68 48
2 57 53
45 54 78
7 34 65
81 58 33
14 36 81
98 23 27
87 28 17
95 11 94
57 98 14
43 86 20
79 26 26
7 79 5
85 16 71
38 36 53
1 74 53
30 60 84
23 7 39
16 74 2
59 96 91
95 33 26
37 54 52
13 98 74
30 74 67
63 4 15
41 87 80
88 58 41
84 79 77
8 58 1
82 28 71
88 17 98
26 20 90
57 66 7
50 95 41
3 82 67
42 7 15
79 91 11
80 22 42
29 94 95
66 68 37
75 2 67
65 46 89
52 23 15
75 46 17
25 68 86
97 69 86
89 21 73
10 22 55
4 38 5
93 26 48
66 96 69
16 48 34
92 80 87
74 77 38
56 61 7
23 21 97
0 33 60
84 30 23
50 36 93
48 69 67
99 8 69
34 27 91
76 78 55
16 93 89
53 80 34
52 96 17
66 92 12
92 33 47
15 90 92
94 73 33
53 28 74
91 77 63
66 89 30
79 13 6
32 77 66
94 29 22
8 44 91
59 82 94
93 21 57
47 71 80
12 72 15
19 78 93
14 89 2
2 1 3
2 20 12
43 81 99
46 71 15
3 89 85
91 10 57
13 9 61
14 46 40
79 6 30
81 4 75
41 20 71
28 96 15
59 75 32
10 34 82
8 47 90
68 94 26
98 85 64
13 46 10
35 73 75
27 23 13
13 15 91
55 12 25
79 88 11
24 24 77
45 38 11
1 12 64
48 39 20
34 9 32
58 12 24
39 39 55
13 9 38
76 77 73
66 26 38
14 78 60
20 18 1
28 12 87
20 98 70
48 38 28
100 27 67
14 98 61
30 9 85
60 4 61
15 19 12
91 54 60
99 61 22
56 87 92
19 77 96
59 43 87
45 3 87
96 2 72
11 99 88
46 25 23
63 5 13
43 24 79
97 44 60
9 67 78
1 28 70
52 68 7
100 74 54
94 7 87
4 47 5
65 39 45
94 62 11
16 10 4
25 76 48
100 76 79
28 9 52
42 91 58
73 66 59
0 53 42
22 4 96
10 38 38
33 61 4
74 3 72
6 53 79
59 31 96
32 74 85
43 58 83
90 76 61
84 79 48
81 8 37
98 13 29
98 69 74
25 17 18
1 45 6
99 70 27
91 35 47
97 37 34
31 80 31
80 80 99
34 78 21
91 83 54
35 8 16
21 60 67
40 9 35
94 30 67
55 55 17
86 67 92
69 44 38
56 6 32
10 5 43
27 56 28
29 2 60
43 89 76
99 99 99
52 68 11
75 71 84
36 98 27
81 45 30
35 57 4
34 74 94
60 24 94
75 18 61
91 10 23
49 32 95
78 13 34
83 83 38
41 54 55
6 10 20
17 24 45
34 29 29
9 70 2
93 54 6
43 19 26
85 2 99
73 35 23
34 16 89
15 70 53
49 18 95
31 11 66
47 2 34
94 20 21
41 31 52
100 87 47
40 67 34
96 46 59
91 77 4
5 5 86
98 83 39
41 9 44
32 27 27
71 76 48
77 46 98
4 84 60
71 52 15
23 100 5
0 34 29
19 7 99
24 64 84
17 46 54
44 95 98
78 100 69
59 98 12
5 66 37
3 38 18
95 92 84
57 64 92
75 56 53
83 77 15
25 23 43
1 54 73
51 72 5
36 87 6
74 86 67
70 57 74
76 87 22
1 87 71
23 34 79
89 42 1
25 60 20
42 13 34
72 17 12
75 76 37
55 32 37
28 43 83
4 79 33
83 81 21
100 89 79
25 54 15
20 56 46
67 89 59
38 92 85
50 82 26
37 65 24
93 5 46
30 65 81
97 44 64
71 35 27
80 33 25
56 1 93
67 23 25
52 44 12
14 33 90
60 2 68
20 60 75
79 31 94
93 24 72
60 87 90
67 83 21
69 39 59
19 87 86
47 25 9
19 71 93
64 81 11
72 98 89
98 42 24
95 85 81
2 42 20
85 84 21
79 8 72
6 54 76
7 95 21
72 96 80
22 97 31
80 70 89
69 62 92
52 37 89
83 41 63
84 63 23
62 57 13
82 86 16
87 37 94
12 72 83
55 48 15
99 60 89
56 84 29
44 52 32
12 88 91
91 2 12
24 26 19
100 89 76
28 14 70
36 64 15
77 46 25
29 72 80
37 56 98
66 75 25
88 45 37
55 84 13
21 57 20
8 87 8
33 34 86
46 54 18
56 57 34
5 36 8
22 61 99
0 71 40
71 81 41
0 20 25
47 88 70
33 69 55
53 3 4
79 48 76
96 28 17
33 18 17
35 99 22
30 61 23
84 79 64
1 13 64
98 38 32
88 5 55
91 74 34
67 77 35
100 31 11
77 91 2
53 100 79
50 22 62
4 99 34
14 59 83
75 79 54
38 4 40
73 29 39
99 77 4
97 16 13
4 87 25
73 43 35
86 22 44
55 83 24
19 15 33
19 25 7
18 89 10
90 47 68
67 43 16
78 3 72
68 13 87
81 30 41
17 73 94
57 92 78
60 52 78
31 86 25
20 46 39
93 94 28
42 8 52
98 55 70
5 98 52
16 96 54
75 68 11
18 13 17
44 88 41
14 58 26
23 1 19
57 61 15
94 30 5
16 81 32
74 13 7
74 27 60
74 86 76
95 88 7
56 92 59
5 21 40
90 58 66
10 87 38
80 5 56
81 53 85
24 81 77
48 48 69
42 25 39
13 55 55
22 54 16
8 78 93
44 68 69
75 97 59
57 53 73
14 60 30
86 75 33
65 19 26
98 87 25
88 27 3
63 38 11
94 13 95
76 58 19
25 74 22
62 46 8
36 65 62
99 3 95
39 68 98
49 79 11
29 75 87
57 28 81
13 64 55
67 43 20
86 25 64
82 24 95
84 32 46
59 89 41
64 25 83
11 5 82
81 38 43
58 27 76
55 4 97
41 48 10
84 58 8
9 3 8
29 71 99
70 87 37
91 86 32
12 55 55
55 36 81
53 70 66
11 97 8
88 7 40
61 63 52
6 97 77
62 59 95
83 25 47
15 27 85
60 81 83
69 96 28
90 24 63
34 29 37
83 53 23
95 82 27
61 30 32
31 57 62
51 34 61
31 10 68
54 93 10
69 96 3
27 61 19
7 13 7
36 69 53
47 27 8
70 44 46
28 13 37
51 76 26
2 96 76
58 99 46
26 91 40
90 63 36
54 69 77
61 55 7
47 74 14
91 59 33
41 12 92
16 20 69
35 16 42
51 61 95
28 44 77
17 81 100
39 85 37
75 23 60
100 1 1
96 31 25
13 28 46
66 22 24
4 78 15
68 47 78
98 6 75
38 73 58
65 77 89
46 65 73
30 94 18
36 4 21
5 4 81
90 98 72
59 46 2
65 69 32
28 89 30
64 70 73
45 24 72
0 30 70
20 14 88
65 89 98
7 52 33
79 20 6
84 53 47
81 88 84
25 18 17
100 90 10
19 23 85
45 24 7
6 90 7
42 62 90
82 70 56
68 23 92
62 18 5
9 10 84
67 58 20
28 62 38
16 97 9
85 73 67
11 32 65
11 92 53
23 65 87
83 45 78
79 94 60
46 38 10
44 52 32
4 47 1
43 48 99
16 35 59
74 98 45
12 33 57
42 93 80
34 44 91
36 60 91
8 34 45
32 81 7
38 8 35
61 95 87
35 87 31
17 31 57
52 29 5
51 16 84
20 11 46
5 97 10
63 43 23
90 77 46
93 40 71
67 73 45
53 89 74
53 90 67
50 91 58
35 97 48
8 3 76
54 98 4
50 69 97
19 59 93
100 89 96
72 21 28
92 55 47
62 24 38
61 9 64
79 70 92
2 98 62
96 33 27
49 47 74
88 76 98
100 33 89
1 81 66
44 31 91
26 54 1
10 28 72
31 9 97
23 3 100
53 66 72
73 93 3
38 4 1
97 40 88
16 5 23
12 98 95
4 80 61
34 5 87
100 47 93
17 69 21
80 2 41
52 58 41
50 96 59
67 7 97
44 7 12
7 29 86
57 41 42
61 85 22
14 84 31
97 81 53
19 80 12
83 77 98
55 37 9
6 74 32
60 83 20
75 96 31
28 74 83
38 100 15
64 15 25
57 27 68
56 82 23
56 56 52
10 34 81
59 8 29
24 29 11
34 21 80
99 95 91
34 38 11
89 48 39
61 56 2
75 63 74
0 99 43
20 39 43
2 100 54
85 71 33
93 73 82
20 71 63
97 48 53
72 9 77
0 55 55
31 20 6
35 55 63
70 35 42
98 22 42
99 70 86
21 6 39
16 39 79
23 58 58
87 37 36
29 81 85
11 99 92
87 15 84
100 39 9
41 32 82
90 22 23
82 2 69
27 5 38
99 8 47
86 41 9
17 52 13
100 31 47
28 53 36
23 66 83
48 16 37
52 72 19
43 9 84
38 27 52
3 40 45
94 53 82
84 98 25
67 19 16
82 89 7
48 86 21
81 69 83
73 44 1
77 75 10
86 92 88
82 19 81
79 87 63
58 16 65
29 37 5
17 32 44
61 65 100
19 61 77
87 20 40
98 31 67
78 22 46
54 12 86
18 57 73
28 16 5
46 100 80
1 7 59
99 26 64
93 79 38
18 75 3
36 54 38
41 85 37
5 77 17
58 91 89
45 19 56
23 60 91
92 7 98
94 11 37
10 37 85
49 43 41
0 2 42
79 37 2
76 5 76
64 16 62
94 29 61
42 67 14
23 36 86
88 55 34
82 77 39
35 81 8
17 26 74
28 11 21
62 46 1
29 21 89
38 87 35
64 82 82
91 48 60
58 36 22
