1000
1
100000
2195
2563
9503
657
2568
7644
4711
9926
6379
2666
5764
7546
4570
6647
2855
8233
7789
2176
120
2054
6050
309
8456
2431
7897
2941
2938
2615
487
4076
5516
9080
2118
1760
6245
5129
5279
8527
1829
1112
2273
5819
2251
5595
7331
9490
7065
6633
54
3361
680
8295
415
9045
5548
9382
5348
4618
4642
6995
1879
8817
6742
3747
9636
4150
4000
4288
504
2938
2502
2759
6208
3144
8039
5645
7642
4921
691
7540
5185
2214
9688
2352
1797
8543
9909
5444
8615
9295
2389
3447
9816
5083
5798
8466
4547
3870
4261
3467
5994
6572
356
3639
4300
270
7610
9325
7105
4255
3310
1009
7706
9253
8356
1337
2967
2796
500
8754
932
6213
4606
3368
6711
1310
7198
4224
5029
146
7105
8412
1583
9196
8389
4931
3210
517
8742
7732
1262
5479
9923
1469
3689
8176
9942
5284
6505
2366
883
1458
7079
1675
5120
9104
3204
7335
9330
7344
7270
6108
6785
6869
1832
1270
7615
5680
4168
8490
1916
8515
928
8981
7125
5440
8155
1260
7889
9578
9835
3783
9906
1542
3125
5288
4312
1581
4893
7617
3220
1723
5748
4857
162
4908
1635
131
151
605
9311
3243
6048
6700
7843
241
6900
6856
5387
8716
5754
7701
7768
6111
7118
7492
5623
2946
4173
2153
4674
3009
8665
3426
819
7213
1261
9945
2190
4899
4950
1488
4155
1724
1902
9549
5319
7376
2931
9489
7356
2672
691
8001
7688
2294
5874
2568
8863
2993
8761
794
8758
8475
6441
6815
6008
1821
5244
5490
6863
3652
7646
6962
4598
9115
626
5423
4133
4294
6809
4728
189
831
1095
7259
6166
6206
4664
3778
3871
332
8233
7224
4143
4845
5653
7997
8042
9919
1496
3214
8418
3414
7760
4419
7352
2868
9368
2271
4216
6502
2416
5447
7820
1750
1687
8590
9814
6947
9233
678
387
1381
6447
9780
1093
3175
1115
9672
2595
3054
1182
1562
7814
6559
5021
7998
9289
818
8585
9023
8724
7541
3186
3543
3908
8938
8184
7447
3500
158
7263
5052
1401
1337
8954
6135
3098
3182
9824
277
1631
9004
3226
4974
8162
4875
5359
2270
3234
4457
9962
6380
8852
5658
2577
3030
1593
6053
9244
3644
4664
5387
1582
1784
1176
1902
8365
9737
1641
177
1333
3361
6117
7399
8946
657
2001
51
8474
2307
8396
9928
5115
9095
9520
5747
1303
2837
5514
8833
3500
7757
1963
5392
5151
6650
2255
4527
4966
4442
1640
5828
3447
3019
6616
1692
2103
4938
3075
8975
5596
5109
4022
3855
7739
1716
6426
2795
2478
9315
9490
6823
7550
5271
4610
6984
1727
559
2900
2849
2050
408
3820
1332
483
4680
4381
4487
931
921
3910
9775
262
1144
7498
8840
2309
5851
3583
7198
10
1565
6147
8137
5481
825
4274
8177
2715
8793
1354
2446
5699
9538
5680
8926
1767
3106
7779
5333
3087
2782
634
8967
9634
7973
433
3067
4802
7014
589
9479
2955
874
1267
6404
4699
6377
5254
2878
1183
6666
5150
6784
3699
544
9714
9051
2552
4399
9541
520
3493
3765
6007
7264
8946
3606
107
9520
9894
5032
9425
6161
8999
2640
4533
1492
8927
3151
45
6445
1825
4623
9550
342
4166
9010
8259
1129
9227
388
8958
565
1876
6974
2204
9108
9126
9829
1615
6229
6168
1452
944
5261
7825
7560
2902
8013
3686
9876
2868
620
8381
3153
5543
6738
1178
4052
7614
1005
9316
8162
8489
8549
1655
5983
9881
9352
1877
9550
7100
6559
895
5529
1599
3347
4870
255
8937
298
3098
4017
1228
9282
8448
1175
414
6211
811
8828
5345
8512
5383
6869
3473
8847
395
2525
7862
9326
667
2117
8765
3118
4976
5329
5709
3669
9761
5428
3948
7435
2283
7847
6656
4821
2181
3446
1264
1004
2037
5946
5166
2032
5914
1480
2697
8072
4333
2368
4449
9313
7222
4019
4789
6906
5584
9626
77
6241
2119
7702
8340
1386
8562
986
421
4343
2886
5699
386
5924
7557
9366
4565
4634
396
3648
8620
8619
8831
9945
2326
5459
1738
7482
2620
998
6248
5373
634
8015
6153
9358
383
5095
9595
8204
5997
8934
3018
4957
796
3199
7279
9576
2134
3601
1948
9858
8202
1731
1807
1118
9767
300
3895
6780
8841
9232
3687
8268
897
5444
3970
7278
2323
1225
828
6771
4308
2292
1296
735
8875
4478
3351
2434
2519
7098
2994
5798
7973
357
861
1947
9765
5788
5954
7626
454
9920
4399
6260
2410
8669
6221
8844
1426
8697
4429
1479
7899
8414
1727
6513
9117
62
3381
1159
7678
4998
2982
9506
6632
5987
1304
4566
3504
5306
6390
1930
2022
7804
2844
6526
5777
4479
2701
9661
4753
4259
1231
7177
3894
750
3188
5773
6636
363
4530
1624
8352
8802
9831
687
2225
1624
4755
7147
7520
7059
9933
7956
4630
9989
5728
5127
9081
1939
8382
5723
4098
171
4549
9586
1937
9666
1794
3159
5107
903
9620
8688
4929
7254
8217
7947
3769
3546
6299
7873
330
2475
7405
996
6537
8107
3552
3540
9313
9007
4477
7789
810
976
2380
6115
9399
8013
6621
7027
699
8480
8108
6092
2559
6539
4675
9008
6594
7968
2287
5701
2624
2391
836
6356
4679
384
1775
5654
6729
532
5887
7784
1288
4982
3586
2229
3680
647
8661
4228
7
9180
1724
4955
6130
2087
5320
8719
5640
7389
5889
91
4081
7177
2533
6889
4717
99
9486
989
3965
1494
5756
959
1418
553
8469
9323
7731
7472
2496
2680
9270
1524
5187
8045
369
464
5348
48
3533
3422
362
2090
319
3712
5207
1251
5555
7270
2661
6670
2777
3445
3409
7568
7563
8110
8368
6186
1922
5710
3321
2229
6976
5293
6507
8757
5873
2323
4640
8527
9445
2497
2559
5998
1539
9574
9243
9474
6580
3024
3482
2693
39
7962
6107
992
1086
2558
8863
2259
9365
9275
7433
8173
1732
2412
9087
76
9932
8503
8374
1814
9938
8683
1799
6205
1854
9175