99
41595
40011
93020
45452
13521
92764
16217
91259
90524
50579
51801
50088
82413
87605
18461
59399
49003
23757
41531
89663
20358
56880
27879
52520
29317
67246
16620
47301
9047
1760
95849
41429
66219
32160
25119
77242
43935
35142
4160
78770
4787
25550
55492
21266
16879
11623
32965
36221
51840
61440
41191
64944
32399
44088
1477
15844
53315
59547
27217
13221
67963
42642
30266
4252
55637
1497
76672
75611
48221
14769
70500
94852
95267
85123
60631
69202
95102
79301
3843
96019
95790
94409
96351
18234
62577
55597
2242
2320
18245
29289
62607
81358
80536
56944
99922
85063
88958
21977
1862 