1000
7714636 31188525
9179578 31483696
4998434 84643363
2877754 6391705
5988830 57950118
7774516 72342401
1231115 62418019
4948205 30106296
3633887 89899245
9851987 20983641
2536413 8824630
5411866 95665670
1162788 7198901
5171670 12120262
5137327 13229582
3129420 84054393
194183 45564891
1320629 50830767
1650615 50976595
1550264 41609287
1226585 70497050
2530449 30420020
9767617 25613437
1493685 2852716
5294395 99332701
6778056 95396500
8136256 31829616
6 470
8 790
6 334
3 797
9 516
4 948
2 864
4 32
9 866
2 696
3 983
3 82
5 861
5 227
4 84
10 784
2 9
2 674
2 370
2 785
3 797
2 3
2 341
2 648
2 755
3 195
3 92
2 87
3 897
2 568
2 600
2 57
3 348
3 939
3 899
3 730
2 667
2 725
2 389
2 983
2 930
3 663
2 179
3 904
2 618
2 42
3 646
2 836
3 58
2 860
2 217
2 18
2 6715
3 6443
6 6903
3 3696
3 3909
2 683
6 1096
6 4478
3 3540
2 3039
6 5407
2 2839
5 5959
3 5914
2 1599
4 587
5 7333
5 9272
3 7363
3 2559
3 3490
2759232 79848209
1186750 31522512
5797531 45960295
5091319 76022388
4362634 93073894
4104874 44414505
3107176 73827169
9586614 46707369
4860618 22602371
3817542 70402724
9011929 17729648
7855816 63274120
8877254 99084075
2678294 30692656
2606913 70088576
2410460 24276811
2015095 90467148
9253604 22009948
1032788 38442792
6914092 18074165
512321 56489060
2143820 17037017
7373497 25758180
46588 40206034
3276405 27168139
6923097 51838612
7375294 14576065
4 37
5 710
5 206
9 704
9 716
8 859
11 646
4 22
3 687
3 175
5 965
10 357
10 575
9 911
10 139
5 937
2 318
3 989
3 682
2 90
3 893
3 383
3 422
2 759
3 338
3 508
3 849
3 895
3 778
2 134
3 402
2 251
3 294
2 536
2 369
2 302
3 698
2 364
2 236
3 145
2 611
2 35
2 114
3 633
2 929
2 838
2 559
2 511
3 358
2 648
2 914
2 731
5 3860
5 1113
5 1837
6 8136
3 1168
3 5973
4 2371
5 1628
2 6180
5 8110
3 9138
5 5889
3 8930
3 4715
6 7965
5 1241
5 3209
3 5894
3 2382
3 2657
5 599
3058085 71573263
3707558 28565716
6113851 82392290
2387570 76579720
939949 1943782
1213343 77941443
6417698 40452708
5226935 82581338
1323708 35778850
7710449 94795966
7197298 44085303
3057474 65192274
4820892 12131788
7771501 51402801
4343209 8266544
746708 49612468
9954405 93184572
859492 94995361
3311310 93763480
7784020 47210654
4447556 22994976
5949273 99244439
9191120 51333687
3115480 31703245
9948747 95473548
248509 36252265
240437 64573440
6 228
6 592
5 502
2 564
8 10
4 542
9 553
2 927
8 991
5 33
6 443
2 160
10 295
9 347
4 41
3 30
2 246
2 514
2 489
2 558
2 511
2 412
2 332
2 8
2 66
3 301
3 24
3 177
2 764
2 165
2 663
2 967
3 972
3 97
3 202
2 68
3 588
3 760
2 538
2 421
3 759
3 148
3 538
3 968
2 393
3 234
2 731
3 390
2 382
2 721
2 8
2 353
4 3650
4 1499
4 9293
2 1313
2 1164
4 7652
5 4581
5 3102
5 2381
4 1138
4 2947
5 505
2 3301
2 9327
5 1837
4 4752
4 1340
5 2892
6 8609
2 2231
2 4500
412482 51565790
9547373 33563515
9341515 14577725
2618540 3481744
3761494 24532901
9226146 67346269
3226457 96501416
6319884 84483599
9796621 23062027
1890523 16800363
7139016 78873260
1324270 49797530
4260318 48788563
5033762 85551101
493224 49436889
700736 86971319
9049045 28450873
6501727 94315369
7914219 41996066
3993526 69541357
4299842 66245617
1006153 55641789
8469366 26844139
6023914 78467904
7593040 98051224
6253722 10122557
7079652 69412556
7 331
11 856
5 744
10 447
3 412
6 456
6 20
6 571
5 811
9 25
11 678
8 234
10 266
7 732
11 923
2 49
2 516
3 835
2 660
2 252
2 703
2 566
2 232
2 344
2 946
2 530
3 679
2 687
3 423
3 761
2 581
3 333
2 244
3 149
2 312
2 928
3 896
3 582
2 28
3 968
3 788
2 750
3 616
2 595
2 401
3 996
2 888
2 221
2 908
2 345
2 707
2 635
6 8554
2 530
5 4007
2 4074
3 6758
5 417
3 1504
2 2874
5 2630
6 2352
5 8065
4 4543
4 2337
5 9618
4 7716
6 4697
5 9487
6 7343
4 9197
6 5855
5 7881
9753236 86584603
7919414 94974953
1780627 29195759
972555 61683560
5658791 15702029
2538707 54358929
7930159 96521340
3849130 51413030
1955497 82661309
6487110 23183339
5317353 71658791
8730766 79391076
7251206 28318396
4327338 45409181
6213263 76161203
3514110 79452249
8346350 41202022
3346806 71165766
8114560 13664099
1577718 61728362
2694212 33988220
2925423 5082709
6900448 65775356
6856730 75329960
4689948 20713514
4434771 4548825
5614315 58643169
2 342
9 818
7 915
7 492
9 33
10 382
9 462
11 545
8 40
5 872
3 521
10 226
7 462
3 98
5 768
2 151
2 673
3 782
3 882
2 365
3 462
3 825
3 103
3 1000
2 405
3 134
3 297
3 881
2 482
2 400
2 925
2 937
2 602
3 232
3 167
2 96
2 662
3 78
2 335
3 911
2 598
3 339
2 404
3 399
3 715
3 948
2 803
3 310
3 635
3 375
3 557
2 955
3 5693
6 2177
2 6310
6 8921
3 9738
3 3215
6 7086
4 9892
4 9849
4 5401
3 3681
6 9867
5 1407
5 2249
4 7681
5 4546
6 6715
6 5831
4 2834
2 4705
4 5122
7047886 39762111
148022 51038485
9277252 48932304
7291712 40421213
999133 58385593
4706142 22627911
8851913 55633388
5532576 34187201
8246644 70780032
3635180 89814595
9023513 76333249
8080 79133291
8586023 91288220
2715290 25059795
7203182 28821432
1294050 68412387
8703713 46749792
7515540 62397594
911277 87748914
4969531 89128979
9135555 28414812
7605926 45562944
8415398 37502372
2101317 58224288
3323914 7680936
278961 86718915
7825933 33360907
5 358
7 813
2 809
6 226
8 33
5 396
10 873
2 755
11 276
7 20
6 320
8 543
10 732
2 665
10 320
7 237
3 623
3 219
2 897
3 104
3 990
3 539
3 343
3 573
2 185
2 314
3 184
2 157
2 589
3 10
3 556
2 204
2 70
2 499
2 973
3 882
2 42
3 492
2 339
3 585
3 114
3 751
2 492
2 891
3 955
3 584
2 566
2 903
2 661
3 843
2 864
3 279
3 1385
5 1840
3 3455
2 307
5 4051
4 4419
4 8678
3 981
4 3453
2 8572
3 8408
3 1512
5 5371
6 8337
5 3163
6 7052
6 7170
2 6366
4 604
6 9958
6 2887
5432000 70673428
8583480 98595254
7791248 50149701
4112496 54187459
3057296 13392094
1212547 3026119
6433595 88275764
2965942 96700799
4535159 96212930
3682891 68907173
3925347 36563564
7725014 57566970
7725947 84890246
2349337 87756931
8207605 79392936
4049397 89092108
2527364 18895591
3816644 76685951
5560499 47052546
5185515 44674454
5235654 31066381
1586153 29267516
8243523 79984780
2652731 37774841
7339128 67455019
9016667 57272060
2843224 46089254
3 111
4 711
7 929
6 282
9 10
4 351
6 223
7 108
9 31
6 854
2 75
5 692
2 428
6 84
9 523
4 739
2 799
2 343
3 203
2 897
2 786
3 116
2 419
2 506
2 19
3 250
2 118
2 744
2 336
2 706
2 916
2 762
3 782
2 670
2 904
3 846
3 352
3 425
3 992
2 715
3 185
2 173
2 776
3 929
2 455
3 647
3 466
2 960
3 248
3 32
3 143
3 346
3 114
5 2020
5 2344
2 1862
4 5051
4 6060
5 6748
3 6772
3 8330
5 4715
2 9626
4 1263
5 3519
6 438
2 3303
6 113
4 2315
2 4059
2 1014
3 3902
4 6579
6457600 87756854
7941296 29346999
4314477 80465446
497818 80832799
6661540 62207412
858847 75569863
926235 42815711
6678494 39394365
4821826 40007498
5688004 51838459
7423187 80426584
8066306 23077127
2932499 57038318
9789084 25049461
1493887 88086786
1361908 96976150
4864200 68607106
6083204 92271452
343323 70600256
2458245 93613663
330320 47164974
7483270 66647352
3546673 12211032
9166601 85520810
3646583 90241163
7812400 80997869
7980264 94176910
7 130
4 833
4 456
11 324
9 86
5 731
10 844
10 533
10 103
7 883
3 545
11 401
5 300
11 589
2 72
11 582
3 188
2 240
2 210
3 195
3 895
2 413
2 441
3 929
2 682
2 569
3 428
3 45
2 207
2 200
2 642
2 448
3 58
2 639
3 880
3 102
2 831
3 728
3 44
3 670
2 242
3 359
3 204
3 489
3 38
3 83
2 450
3 248
2 743
2 797
3 966
2 293
6 8482
5 8562
6 4395
2 454
3 3067
6 9545
6 783
3 8285
2 89
3 1332
2 2042
2 8935
4 6093
2 2217
3 5471
5 5894
5 4395
6 8136
4 3005
2 8925
3 7875
250961 16904691
9319169 81245788
5996723 20099736
1144828 14418074
9901176 63414785
9536357 33854476
7095535 69715168
9596408 73165313
5544145 74469460
3830646 40165369
2530133 16737770
7626125 99329243
7389556 12900321
7123176 98471965
625196 75431385
4020299 57820666
7959517 37244215
641128 19673617
3032442 59628920
1930397 43404595
4640903 84360114
7898781 98971993
4501049 35539764
8835089 20568024
7148917 29644064
3812926 30091579
5575591 99937097
7 441
4 6
6 503
7 771
10 658
4 870
8 525
9 520
11 540
8 76
7 412
2 106
5 360
9 667
9 65
8 810
2 247
2 984
3 250
3 425
2 433
3 382
2 789
3 872
2 703
2 944
2 355
3 876
3 768
3 898
2 440
3 190
3 324
3 220
3 768
2 431
2 763
3 654
3 819
2 379
3 707
2 438
3 984
3 99
2 37
2 104
3 978
2 664
2 322
2 650
2 498
3 917
5 3341
2 5605
6 4518
4 3247
6 7717
3 690
3 9523
2 5524
2 707
4 7474
3 4006
4 5649
4 2573
3 7101
6 5417
3 5657
4 4980
6 6294
6 255
2 472
6 9727
6667955 78116411
4001744 32202227
6617850 90949256
2521827 41041353
9798880 69699980
4861463 85448825
2439121 58106812
3432180 53910584
1142942 48172387
9062171 98863305
1561353 40205346
6241224 94224702
5744222 57193036
9378342 28987921
972331 14001572
1040801 26962613
4139355 75784879
7723631 71360069
151422 21147977
1859587 31785511
9893019 55712756
138791 43262001
2910227 46763451
2406217 86676209
7197057 66867332
4496778 88636616
7966645 9394890
11 779
3 694
9 906
10 296
6 305
5 78
11 325
5 888
10 687
2 197
10 683
3 581
5 654
5 676
8 419
10 725
2 116
3 586
2 354
3 159
3 977
3 325
3 881
3 906
3 911
2 478
2 264
3 407
3 874
2 588
2 529
3 829
2 274
2 33
2 900
3 297
3 527
3 542
2 510
2 65
3 729
3 390
3 599
3 752
2 180
3 353
3 172
2 258
2 441
3 885
2 997
3 769
3 7705
2 3305
3 6154
2 669
3 5365
4 4357
3 3824
2 7653
4 2633
4 2548
3 4581
3 9796
2 1342
3 2793
2 9762
5 204
6 1316
4 5314
2 5135
3 2874
5 3144
