8398110043822
8910043822
19226410043822
86101010043822
935377625910043822
61950555610043822
679810043822
810043822
025210043822
65510043822
18642610043822
2675956310043822
3703573510043822
5298110043822
926951053210043822
81389725710043822
5110043822
6710043822
710043822
410043822
58862378110043822
2610043822
8710043822
559091122210043822
47406110043822
518890555910043822
5610043822
003033110043822
7210043822
19155109110043822
65386810043822
610043822
8630410043822
95507610043822
24460082610043822
2251191510043822
5510043822
820142637210043822
7058643310043822
4410043822
056620548710043822
31010043822
34315310043822
845052610043822
8814364910043822
9629410043822
41760242510043822
78910043822
034110043822
2238610043822
834500510043822
7513610043822
327910043822
610043822
5110043822
04810043822
92924207210043822
246732338010043822
1510043822
0610043822
7912821910043822
18710043822
929487910043822
0360474310043822
2010043822
137010043822
710043822
910043822
4768210043822
710043822
20860310043822
2810043822
56710043822
02210043822
58510043822
359210043822
7147302010043822
9944310043822
691617110043822
858310043822
2946458910043822
422410043822
10353210043822
410043822
227610043822
07742310043822
258310043822
236013110043822
635283378810043822
73610043822
95164010043822
3402810043822
6092710043822
826189370710043822
411534310043822
668341510043822
547710043822
6210043822
1424810043822
258847310043822
1531938810043822
4910043822
1610043822
010043822
910043822
0314999110043822
410043822
31676596610043822
310043822
715410043822
510043822
0994210043822
54040648010043822
6948793610043822
88310043822
370208310043822
910043822
454190210043822
4098457110043822
55305710043822
810043822
610043822
74400610043822
42810043822
4510043822
83610043822
4127645910043822
046363310043822
425298210043822
865212832610043822
223488198310043822
3114010043822
110043822
39871423110043822
910043822
13010043822
1672605410043822
8410043822
9710043822
2310043822
10847970510043822
710043822
710043822
4210043822
607410043822
12605310043822
35716910043822
9006910043822
510043822
43272410043822
2810043822
16010043822
6710043822
12071973510043822
810043822
2329310043822
88643669010043822
202872557610043822
523010043822
4106556710043822
45610043822
7910043822
9018510043822
2605510043822
046387456610043822
60110043822
5410043822
27910043822
410043822
1260808010043822
047216316310043822
61610043822
42248510043822
56510043822
210043822
910043822
510043822
16685912510043822
26513610043822
30304628610043822
880956829510043822
093210043822
669510043822
196549410043822
760910043822
6429410043822
0651210043822
382244110043822
00476910043822
97710043822
208510043822
330804710043822
810043822
3188310043822
42506385310043822
053810043822
63716986510043822
3504376610043822
496761710043822
067548410043822
5010043822
48910043822
258810043822
0698410043822
210043822
048310043822
96510043822
54210043822
810043822
474110043822
557010043822
08038510043822
57910043822
125460110043822
594507321610043822
6545210043822
415235208810043822
3748510043822
803857365110043822
310043822
61341110043822
64596010043822
15356516710043822
648210043822
622710043822
210043822
4060710043822
525510043822
710043822
7310043822
148365810043822
36050514410043822
650797975110043822
6410043822
205210043822
4510043822
310043822
215738210043822
0154710043822
95685499510043822
610043822
710043822
281667471210043822
5242553210043822
01954310043822
08665010043822
827610043822
12744810043822
9215286010043822
743710043822
31010043822
817905291310043822
03906573110043822
083202410043822
37566910043822
573579910043822
910043822
510043822
5110043822
22601310043822
010043822
4210043822
210043822
544726313810043822
435372580110043822
020610043822
0810043822
10276010043822
97237024110043822
3910043822
766693510043822
9137210043822
909867210043822
38283538010043822
595474910043822
009710043822
98893704210043822
19610043822
940225510043822
4110043822
710043822
08840210043822
98786110043822
710043822
1401010043822
4215410043822
0910043822
578010043822
02606474510043822
677850493110043822
220210043822
99511836910043822
7275310043822
20410043822
334049110043822
9498754010043822
86175510043822
110043822
110043822
764677002810043822
9510043822
4981610043822
368412810043822
6274176510043822
299510043822
79210043822
010043822
365266010043822
932410043822
646237084310043822
7510043822
0483369210043822
568015686210043822
8210043822
15214410043822
910043822
610043822
264576056210043822
60654710043822
410043822
792328410043822
72976210043822
618247810043822
5362910043822
349564583910043822
73543435810043822
809010043822
28242786110043822
561926410043822
8478327610043822
910043822
9710043822
79110043822
28360310043822
1681176410043822
87410043822
9213510043822
416710043822
239314134510043822
473347610043822
3841994610043822
410043822
130653635410043822
700304210043822
3010043822
910043822
992243710043822
0510043822
605669941810043822
6190210043822
95006610043822
56310043822
005110510043822
78237610043822
9110043822
6112996710043822
519856410043822
0293610043822
6058745610043822
929984710043822
142663460310043822
4095610043822
1290610043822
2042310043822
775710043822
811836410043822
61334565810043822
098645492510043822
68284910043822
6444910043822
9710043822
34442510043822
8717810043822
25110043822
33319639710043822
767953410043822
729826410043822
617510043822
49311154410043822
3423036110043822
26410043822
136910043822
5210043822
5803710043822
52210043822
85279080310043822
6883810043822
718910043822
25185310043822
92729110043822
410043822
837910043822
999810043822
100478753310043822
74210043822
48257238010043822
8910043822
072110810043822
732610043822
002153045110043822
7205410043822
36173597910043822
1710043822
74485034010043822
3531448310043822
00304112610043822
010043822
610043822
070010043822
464139410043822
82210043822
49179621510043822
2238551910043822
0999075210043822
195016844910043822
33937610043822
310450222910043822
84420810043822
88005880310043822
58899269710043822
3517811810043822
94916118210043822
64603195510043822
059723805610043822
628119567710043822
930633610043822
0716810043822
810043822
59010043822
647810043822
464445613310043822
692732565310043822
41707997010043822
492575550110043822
368602210043822
180510043822
8910043822
610043822
84071310043822
410043822
14486663210043822
806236776210043822
9683910043822
1100102210043822
6565834110043822
24913610043822
911710043822
2110043822
3710043822
910043822
001171425410043822
71510043822
410043822
30899310043822
95310043822
710043822
132699579710043822
5898610043822
610043822
19240810043822
710043822
7662665910043822
4710043822
2105710043822
6110043822
44910043822
521910043822
22318510043822
44910043822
50810043822
4510043822
517410043822
84626831810043822
5610043822
011501010043822
332820865310043822
47010043822
810043822
12705312110043822
710043822
1069610043822
210043822
99196610043822
871328910043822
73110043822
0292684910043822
05210043822
55921810043822
510043822
6725394910043822
0434810043822
0510043822
8267491910043822
949910043822
3310043822
33510043822
832510043822
92242610043822
0781110043822
205183200810043822
34141110043822
712117224010043822
011516676510043822
206910043822
2610043822
2710043822
2088705510043822
710043822
68527830510043822
041639495910043822
9310043822
87127610043822
1629142510043822
119169998010043822
010043822
938010043822
60685497110043822
27366825610043822
7715360110043822
84351010043822
81410043822
282011333810043822
547461410043822
49510043822
710043822
9915310043822
85283610043822
53910043822
310043822
310043822
655621347610043822
4029910043822
642810043822
80884396510043822
392110648610043822
05193810043822
93465910043822
8053510043822
153687110043822
392010043822
4646119410043822
3410043822
118010043822
110043822
28652323710043822
85210043822
59410043822
16370587910043822
521110043822
8937869510043822
410043822
202895648010043822
209910043822
4610043822
058471310043822
408593610043822
979420189810043822
2092610043822
025787210043822
9037614410043822
77310043822
90710043822
580510043822
99873110043822
113736431110043822
809110043822
32203610043822
9610043822
1210043822
418556380510043822
365608792410043822
576010043822
936410043822
5393310043822
7150803610043822
331910043822
0294926010043822
332010043822
19610043822
852534654110043822
720810043822
55310043822
50210043822
304296761010043822
2410043822
2075003910043822
65151410043822
55110043822
590064310043822
1941010043822
401516472710043822
4051761710043822
8997310043822
71095010043822
4010043822
60147574410043822
410043822
7745140410043822
5110043822
410043822
2274467810043822
7280134110043822
349632610043822
0880063910043822
11010043822
50059710043822
79610043822
90371362110043822
67914827310043822
746852510043822
34663977110043822
57446066610043822
787373347010043822
051610043822
356810043822
87455010043822
6198910043822
96767210043822
79410043822
7146989310043822
340543537110043822
61910043822
572990866110043822
0667310043822
110043822
87406910043822
52275269010043822
88510043822
200677010043822
56730710043822
010043822
176952910043822
20051110043822
33745410043822
7510043822
74812471010043822
125810043822
610043822
5316091910043822
3202096210043822
692410043822
039010043822
249210043822
7010043822
797348010043822
040810043822
2710043822
55231110043822
3110043822
076510043822
747653197910043822
74890010043822
144910043822
71910043822
010043822
64007110043822
4255248710043822
098110043822
908801081610043822
1521022510043822
494940681510043822
7510043822
273410043822
05910043822
65910043822
910043822
66610043822
89756410043822
1557410043822
410043822
915910043822
803745410043822
603831559110043822
58510043822
932710043822
410043822
1769271810043822
9787610043822
16480710043822
8703610043822
3739810043822
0325958110043822
37577071510043822
010043822
82068655910043822
2010043822
301450710043822
210191919510043822
3545860310043822
6163253310043822
9410043822
85327102310043822
063704410043822
982472488210043822
950036910043822
8497385610043822
11150949510043822
7510043822
8710043822
809914510043822
835548810043822
09513510043822
9610043822
540473404210043822
447671010043822
337061260410043822
410043822
944630980610043822
559899250010043822
5769510043822
46502310043822
28710043822
1875210610043822
29641210043822
48203610043822
30110043822
90610043822
76932997310043822
0510043822
558735533310043822
299229274910043822
021210043822
811970716710043822
110043822
4737510043822
565472765210043822
96719710043822
924710043822
1210043822
510043822
57910043822
8147910043822
838964410043822
83435250610043822
697708610043822
5908223410043822
40810043822
610043822
3257710043822
039429610043822
310043822
580160710043822
610043822
211401510043822
3810043822
65610043822
19743840910043822
977485692010043822
018119410043822
06049810043822
38959441210043822
2006873810043822
448032743510043822
4194810043822
50980410043822
47251202310043822
25980010043822
91170210043822
810043822
9310043822
901822040810043822
7027210043822
01210043822
8649150310043822
81110043822
456987883310043822
450298515210043822
815510043822
05310043822
7210043822
510043822
82982510043822
93110043822
6325719310043822
46810043822
558255329710043822
88353910043822
9288868110043822
75001810043822
548610043822
7110043822
46118010043822
555666061410043822
51870202610043822
04710043822
022797510043822
57143210043822
8666181510043822
5910043822
3210043822
12910043822
920410043822
9810043822
910043822
2669610043822
204010043822
551563568610043822
56110043822
52410043822
1210043822
3810043822
4810043822
6610043822
456393832510043822
6609308710043822
610043822
965360937410043822
079459310043822
6526110043822
020610043822
8254571610043822
42716610043822
265010043822
14210043822
9987810510043822
09115910043822
86175123510043822
570910043822
17110043822
4610043822
86510043822
087987610043822
6396410043822
874910043822
2829710043822
346180920210043822
39410043822
9696965010043822
893253110043822
610043822
07713896310043822
46149137110043822
853937436210043822
1097910043822
4110043822
1045556310043822
47900965210043822
751778510043822
262010043822
357901810043822
025472597310043822
763698610043822
9456053210043822
6822765010043822
71897610043822
4507551610043822
510043822
310043822
2204110043822
3923669610043822
913810043822
485265809710043822
135510043822
068124510043822
132910043822
031126510043822
477545726310043822
77510043822
989010043822
58868910043822
51010043822
71934568210043822
16561004610043822
6010043822
3710043822
910043822
14381510043822
69240924310043822
4710043822
79910043822
010043822
611024673710043822
4318210043822
5898759810043822
01118410043822
64821210043822
8310043822
79810043822
9608410043822
766910043822
7905847010043822
59445147110043822
510043822
978249764310043822
265745910043822
31980910043822
9622044610043822
39510043822
9110043822
610043822
73510043822
598850233410043822
372410043822
7704270910043822
84836010043822
81148810043822
472410043822
110043822
010043822
110043822
110043822
5002210043822
86060349310043822
9412664110043822
723710043822
9310043822
523810043822
072282233210043822
910043822
2726910043822
310043822
372232310043822
05510043822
1270810043822
103659710043822
7381510043822
282610043822
92696359110043822
310043822
4562510043822
054310043822
5054807010043822
258110043822
2690273610043822
75825210043822
9884114610043822
93372810043822
27016010043822
768580810043822
198999810043822
38810043822
210043822
222410043822
12639711610043822
028738897810043822
85010276810043822
31810766110043822
53385910043822
767310043822
2329210043822
8851808710043822
4610043822
288371834710043822
2690686110043822
844510043822
35397752710043822
73045684010043822
6294375710043822
19110043822
17110043822
365758910043822
5510043822
17111910043822
857910043822
3810043822
31795881810043822
17910043822
003010043822
689917144910043822
38710043822
179179610043822
3283210043822
7885346910043822
79462910043822
610043822
732878610043822
7197310043822
8906885310043822
936010043822
67711342710043822
974557623010043822
944318210043822
355310043822
010043822
6383327410043822
89096593710043822
46610043822
4945914710043822
50917510043822
410043822
12531639510043822
526097310043822
91810043822
43910043822
151210043822
41322215510043822
77154410043822
510043822
64453810043822
805937335610043822
17710043822
010043822
6910043822
910043822
722687648310043822
307587352310043822
710043822
427310043822
8429510043822
71510043822