7	11	8	3
8	1	6	7
8	10	11	6
7	8	10	11
1	3	0	0
2	3	7	8
1	8	2	7
1	2	3	11
1	2	3	11
1	3	8	13
1	3	6	8
11	12	7	10
9	7	12	8
1	3	5	6
7	8	11	12
1	2	8	3
7	8	11	0
1	8	0	0
7	8	10	11
1	2	6	13
1	2	3	11
1	8	10	6
8	9	1	7
7	8	9	0
1	3	8	7
7	9	11	13
2	3	8	13
11	3	8	7
11	3	8	1
1	2	3	8
1	2	3	8
1	2	3	8
1	3	7	8
1	8	2	13
7	9	11	13
7	8	11	10
7	8	9	12
1	2	3	8
1	2	3	13
3	8	11	13
1	2	3	8
7	8	11	10
7	8	10	11
7	8	10	11
7	8	10	11
7	8	10	11
7	5	6	8
3	5	11	13
7	12	11	8
7	8	10	11
2	8	10	13
3	9	11	13
3	6	7	8
3	4	5	6
3	4	5	6
1	2	3	8
3	9	11	13
6	7	10	8
2	6	7	8
2	3	8	13
1	2	3	8