4453453081587
7547927334
44095141469
810965639334
197643980660948
49793071
4467576961976022
47315038
037557940136222566
64356187948578
355040668
592164628
97401715892750864
59805719503
5077136
8131229
965253230146575925
496015440825320
8467926353
892769031451
497872381019290
49859539857966879
57533603
50528918349442831
178129060234419
49643153
19569212912633504
5269477
839388205367647608
53716521
348281559512206044
1446788857299274
729442244
0301331627
421908595632935364
704100507167
385315058097004
2681963
823335699094410044
21003017812666
87008251744036
375615986785279
6630959231125
15180385039
77105183386
9550062883181
9078249959559
8582251998786
58026855465974231
178874785210
00244596
6651954559806788
9191592189144
14404272
20385067717759742
91948674
7146172578147844
0204347
1509601182
63308524
1951995
2693345386037335
08295089
3001318917215857720
116682667
0946350743608947136
0525524131327725
67812792142179
43125087935962
721382786
53191933258782960
7097672848065
46820252687106
543462321139551864
567660463869657
1665264
6767505534
78637152966030740
3368301449322656
6412799310748825410
831899456217820454
9654373683
6499886584298280645
8279853
18659341715
76413212978
5080510435222
3537958
15990554679195178
576389452102468138
067755504
711346155
5984275817260
32098866062380936
4944173134954385
110353642031
74525626
7786122880589493936
07585037577067
439893918006190409
574671970
86546534750
6414829240661892
531718599324
8382696293106070
26071571
502368259652200650
61121408
07034439609
03465464592170534
259491930415614716
1023373492352565633
9310640
929372532221752
2831904624948801147
09035019
5723481
3816470739525734810
46376991
4126534106609308
2768596
2954333063531
884960608322661938
16619746406472
4395236867688294
851169001140653060
7349668695
237893648190231216
012746772
540505238956142626
9872406370
3946457986170395999
00180956438374
8321023469215191117
73867376052780684
27182691
16874482113485402
177922060624
3300208457474
1999179385026351
25786973166754544
4368813744404716638
9387085570225369
6653596
2289546375
7782476458
7121870603170544
72904664907441
93998425073
134477603
1038953017158
93218879896418951
13693666
97338417504747
67032775461735019
6958169
4563611999738796553
762176487777571
48665188677625
5394032807
824316010261671838
41723053348
18445041
3331036424
063428258524768301
284288230
17749666230562314
71129061596795
23084948
2094997972871093
2986917
35736775
091755641674
285740098
69839693853666984
482094422313
6951649817
24696470947
76446609
088987876779347559
6350999916
4647997363756054293
60302489402946135
836527091805186983
4487696039499000
28594032740421579
7372360
7351709905
32553205106468
158234275359576935
692703963015371550
8550774
613514409773719
1939529
6126452
98307539607814002
527652630
377871222501113360
1134984773156
7142784916653404
6590817677
529484123
246159792
08416822
719452656301480995
6079541459152519163
2226220012
463659585220025626
6850812
6898415198176
53393594
46665907209503
68253154261
4146437
47095748
9977988275
7199932006
69418350
2214443625
22364521
061151022564
9457631465534
3022828999307656391
1291412737698
714989014103
1651681283899591
6751457
49822136424522238
912146574830962
11343449271148
8680260195
1424381166496
4650032117795181
7395284773992755013
05061207551900
57882656358172676
6955330
7335284
6018915
36306704566476331
1956434363082555
4636163
99074780
6727087784049
71165533610915052
187110684153135
60167359322442
328522800
484974563
013766994297010045
494205653619526
91622974381685174
1563137202877348635
114708102301009680
426298510125
61062997285563
1031159676068884
8608204854
9222684370852745877
45518276568046
74972009
82198395
45195634
6159180
166754588777372602
905059060114008
28554999658553
9382390172479
4880724444
675773339156582219
8100756830220
5958954
5870225387433623
14374731
65891615126980143
8552958182113505945
43940879
0180472516962
677171041668212741
757569790700602
8674301
8015409826555389753
690762918640174807
90480336081515312
82241835359952955
7995541
54030939
067477035319367
127123263
40829886727785682
544836896250722434
79259847717
2041201401
86475989140
34089502
643087134595539044
5604114516739
5821590
9357985365466179
8127258909939
7467665531210
85439408190203
83477947
913979729857829307
23548911
508952381609915
769545842613
558543732104356
92855651982705256
05475032
628402145159
8480288731043017
80407554319575
1571541354
70055212701956
71020043
45145783912303
4217062631078102012
23447938863
18981443
64453327344
095645008
52499157822272685
282900343042
455717641745
03138928
93656790063440
314853631
56277395269552
973139958899281890
4580893515426
81719311584365
83203910659432018
97268585983723514
94623359883592
5878091898977
4231800599
63316760550420
4066460139856269200
3050016764955
33075275862917233
94005180412769
483653143
887539485805977
930960398
91470247120798
910983043892314195
2486652714
9343578436
64400146
9865843766759891
625646819258473945
781062549940
386573745
428114367
816606438
1170502711998130616
9543124043828683194
3324069193920839
994919737429163370
11187812616765
9938808970
63089861248036
4973912236159
59757966
429638190
57743958
38465482
12000112412
585040411469595
279164743
8033886387710460
58065766041463
1211537940785752
23908899835821307
190890464665368107
937992877526101491
314799837025
9467797581137130033
7024318402
5811495696408
5839220
9591959
0745450277894295
620174256347462
668976210
628079036732374
1588631
6851925413
593875882851775
21932553
229085450974354152
4934312988336
46378099207
94560059139828751
7641610881
862415845062427298
053411683303
61854558265906889
26524274814816149
7760213186044
0341852622
5847275145414
99181879
6888890887559175307
08485034
1878628052803
00753640134562554
8817488
4282934957136447
473931661781
688905834376230524
291162368262
48747362004886314
66486157
2907525
687979716
146628112779083329
9343592688
9479602675735803312
8096197101
673733234
52610129
8075681
3477437
543904469958893
139233278370367
8352991428
4214665449835964139
597523582018727
229559075624496277
804831592
1083619836033541
58201449236
822249316268
8624770154390
857030071959421566
74493642280214
270224959
54166744157537
69496820148
942098188788384041
3168709989704902204
8275631766
7556157553151
05481258
31925714700355426
749144396875645
181459009
4976883784784
525499329313489243
30116682425
94582916437072
8455033972384461
97486757388430948
6212252
329653293644902
0979658
325021322185
91498865070795
295524071588
6436450807045
51788529350675
2879922
860409572
7283781
186861779
448589614
522085356
05074419899760831
536727352602
65154150489
7078809011
05286438373693
757137307182924521
65757213
6171205250692
9338202350
120364971
190637738419252416
1766264665522438437
186054838025479
85886913602694
231638137915745245
6746873714154288023
99559895155363773
6288717134774
294871439
9751734853371906
692162578076
3093252043
9754485560
526667159074094903
677039760089656
165195178188248
777317900
569635601036
2082846062301420
493431903358
2431263177392530328
9220447961
183269321280067
482442679831
1991902538023
6452742
87711094121585
65329371846
493636820828080
95744586893515576
39282436
015411450875210419
35816839336989
524061412151028
22748978252047376
4904235270539721394
8047706
83128866684
993975570563239100
2801009
17107025202156744
8922312
3457773661490947
04818790855658
92609556656604777
03328280742
31034242578188669
618244231985522
40938395398639523
43376468484
1687831998765852465
091131383
7155611258235711
23147710
463633772859839
0013412005
2020165725355
33714295
3653976959452209
258420991969568
65879394750055
861285633
6656331810225191803
941012775340
7730203
14827899448542644
04630386
5427516144045
341487950711
02734660
7364012682129
51709033040
0682099463
9229778940557
9354259
4059347129050
3923406
1963103110654
77244068
775840415412289
499392990813
76484693
48259622
44345819252
084349881280711734
9317204762
917221665
467632724189119082
417947072856064
7892197166310
8515454
929165408579
23833899
191116278971935
675946424745725
592572434213
818452536552
80889124
84397847280598466
9813279519232
13107608070
43076753893192
0961777308
707000299257
3934930689760627
045697018
35606219
40790634
02505907019787789
653643361
7949118
21433322324
99283974308639
451256334146648785
81569187051480
940902042234476
0068941285326030
3194577226110679
47784589337223
813620994
89984081169
6281622486071215643
48497674511277270
35576658175219
5932769
95813201117975
895827131204152251
3914100958031
63244962682
27456823
2074557
058310830
584441489
5584206607
36159539406
00088416
184838050
12574843954
30411849307
4808722876757757
816532265803953
9242033107810126253
53799319112159981
46638437221
106475058758
7144549784
44514592680
6744361
260064019
4973745469191
85485675
724299579167765364
32162795051
29446428461980744
070842268320777
1725582936119998930
990098376087662400
700232002
039855370273601
2810274323719468550
09121238
4142566486
8270145477157393
32578069
1490542579
3029508221830500
9882697717346315
223867057620
966291887620332964
03112183080317855
350891131
5538251849
170491765
49060243178810230
77559478199967
4897424370
917289154064036679
9551554002553
3308726982354868479
35810749909
6758004786908
91800029
81826109787
203202452
85106647
7155726960593113
603622242
75530214965109
93599983936963
125564967871620
9630029115057
97134997
65236596907
4581336
685657647493724
991411105189567
43107256139344
38855844872526139
983354569895537
1262195
6708622344093
46581368
2661682484918447
46042763213228782
2473491622897
382412904526466156
43203703483
01962662663740
1322952027052425
56791675
3217924
621219829917806675
571557710519396
3772355191
1747027337265
468054128541525561
9216474
427616966
69338328128929
13830601913
91691607609
41243172
07752495337403
9144932036202348482
591118309735111876
635305946416837
85680400
8097250831425
318593006842091
4698326768771544554
530561093241882216
74017538960770753
228519583
364930016
7641955970631
2146481561241518834
95980235366022
47230736739153
1070754798112751796
6842393139
4083249698357847981
0998635112814329
3245318096
82120316
5358841
37017236
06402537
52004876059
29064413080
616563129474
8879793745224
574339175386510441
38433215670128967
4927259103386273
13493713334832
6068363656282
1912171220606
500077852096646
9753869096650452538
0443754
289221151289
700421849791117
32638405
4638507046291887
6881240134382104648
629564298828
91692750002
5917881941
4443813951
2735649223673
76066393943456574
457975889851404540
7019799426813414716
5091202002058212
489610502424076
4808869416892957
61585933
9309896538773046463
6982325228229833
6399372
495170581
14873121661278
6167743453660176
238014744217154
8354425
41173610193927333
282515918975984
143911462768694
5803741300
2845865858
4621156971532
924645187
077159585755038
006435394827
50725296
0022055116738275090
3935671547
2720901658345199
2026287953
9310665586024484
527479915692
43682861104416
1266375551538541
8045304
3993532
97598603096
073242532105
7832652
795944835519386912
050654309941816
114380002448477556
00063293864
226148793693500968
25667323773272205
414323154
807201804847398948
2435786346
0167643910
9300166117395
47186199155228205
839205911592923
913081360
23196069209
4892445570522
5010095
161438911574652
728086865727
662622075
2481240
5077549127
206317950
9543451193
14652125004628
683934352791483473
585442592724
6439037077714896882
159292838
549158749542241
978565453761560092
3604261233
161202391304046970
57744813
6505911
7324189226738
1569896
18730633
5664560
14753480269
2427745016521849850
49897050612206878
6735479659
35196159529084463
173845082
436198621954979
86083734185
2511525
006726543473205
21825544
20948290398821
39618401200929
478011265593552621
172798605
070445548895
23603686227294963
901523556195684
134846435991530161
6508201997118054
77263795217326
3201014558183843442
18907381988686549
48352057871198
2930342613743706437
87068475046173357
374720154305652250
2764600142813
12810416
1441398559
4163843669890375
03675962140
42785300590394711
3324019
390201259
8055465430524
6259588894186015261
57065440
606474682762106099
7980261
9053336782
102383626262817
693547470970924073
91856843
447890147072
9586293052703661682
5078842762
596990463232510111
5470763931452614392
9359912504579
8680906693016741
82954401620636393
8872806
00046356769906266
543050723823406
95264074
884484594416411
6002695
08613960387
6737837414553059
8280861616833426167
692989201977136670
5724562
658383696341102973
15278785122912
8819576971142
688812441371
64802865662146846
2566464083257515950
9430536873929296526
379466780544038185
6569507248076
620885484742716305
8865424328
93670291
7498317464215293239
8072242822432619969
4109625
968663871899547676
884134007270026
83535264868584
5779644658
89382927492
164852139
72725567373
3096583
18066904
804632467533479042
77783130725
26871181
452795759706
22667091791
848295778912
817039643460
095063277
324702667600677502
94143879149855478
7794585055610
44129683
182146647
21838781
127952662489005189
7477582864511
629690538
0666924582
40553935823208735
150185981
32067370
157529092961632775
97232350856
8827754523
9720343
9032764
6067606456310245928
6694868301158298171
635011207599021542
46210993791384
35019390
3616602789844
1805647
1610892426
675466773059473373
23235760124198
7988227256928263
1837383026809152016
287219208983
75783078
07101480108740942
410770317
70558517606
4778889633651414
246878254478024006
33395050496
0874115
0548134492592849
97044723882415
96409107586
571835805309
93702154046917
87214587496257
0061367053560
8663651465799134
7206105
6255082668946092052
6535878930524777386
19305617576089
888846441279
063090997
55466224866
6654461748501570
7305424558
367579050027
1319377383579919
2024579098664796
29847134655441635
03891590727419
384250742
542195237204
7541312866
27109405
09288601
556981159929867
8063790827978400836
498291992040
46279098665542
63650084461172921
8435174
51173763
07878746218
452109899862488
280660614
743357554638755
0252995742381
64604380654032103
