445345308158
754792733
4409514146
81096563933
19764398066094
4979307
446757696197602
4731503
03755794013622256
6435618794857
35504066
59216462
9740171589275086
5980571950
507713
813122
96525323014657592
49601544082532
846792635
89276903145
49787238101929
4985953985796687
5753360
5052891834944283
17812906023441
4964315
1956921291263350
526947
83938820536764760
5371652
34828155951220604
144678885729927
72944224
030133162
42190859563293536
70410050716
38531505809700
268196
82333569909441004
2100301781266
8700825174403
37561598678527
663095923112
1518038503
7710518338
955006288318
907824995955
858225199878
5802685546597423
17887478521
0024459
665195455980678
919159218914
1440427
2038506771775974
9194867
714617257814784
020434
150960118
6330852
195199
269334538603733
0829508
300131891721585772
11668266
094635074360894713
052552413132772
6781279214217
4312508793596
72138278
5319193325878296
709767284806
4682025268710
54346232113955186
56766046386965
166526
676750553
7863715296603074
336830144932265
641279931074882541
83189945621782045
965437368
649988658429828064
827985
1865934171
7641321297
508051043522
353795
1599055467919517
57638945210246813
06775550
71134615
598427581726
3209886606238093
494417313495438
11035364203
7452562
778612288058949393
0758503757706
43989391800619040
57467197
8654653475
641482924066189
53171859932
838269629310607
2607157
50236825965220065
6112140
0703443960
0346546459217053
25949193041561471
102337349235256563
931064
92937253222175
283190462494880114
0903501
572348
381647073952573481
4637699
412653410660930
276859
295433306353
88496060832266193
1661974640647
439523686768829
85116900114065306
734966869
23789364819023121
01274677
54050523895614262
987240637
394645798617039599
0018095643837
832102346921519111
7386737605278068
2718269
1687448211348540
17792206062
330020845747
199917938502635
2578697316675454
436881374440471663
938708557022536
665359
228954637
778247645
712187060317054
7290466490744
9399842507
13447760
103895301715
9321887989641895
1369366
9733841750474
6703277546173501
695816
456361199973879655
76217648777757
4866518867762
539403280
82431601026167183
4172305334
1844504
333103642
06342825852476830
28428823
1774966623056231
7112906159679
2308494
209499797287109
298691
3573677
09175564167
28574009
6983969385366698
48209442231
695164981
2469647094
7644660
08898787677934755
635099991
464799736375605429
6030248940294613
83652709180518698
448769603949900
2859403274042157
737236
735170990
3255320510646
15823427535957693
69270396301537155
855077
61351440977371
193952
612645
9830753960781400
52765263
37787122250111336
113498477315
714278491665340
659081767
52948412
24615979
0841682
71945265630148099
607954145915251916
222622001
46365958522002562
685081
689841519817
5339359
4666590720950
6825315426
414643
4709574
997798827
719993200
6941835
221444362
2236452
06115102256
945763146553
302282899930765639
129141273769
71498901410
165168128389959
675145
4982213642452223
91214657483096
1134344927114
868026019
142438116649
465003211779518
739528477399275501
0506120755190
5788265635817267
695533
733528
601891
3630670456647633
195643436308255
463616
9907478
672708778404
7116553361091505
18711068415313
6016735932244
32852280
48497456
01376699429701004
49420565361952
9162297438168517
156313720287734863
11470810230100968
42629851012
6106299728556
103115967606888
860820485
922268437085274587
4551827656804
7497200
8219839
4519563
615918
16675458877737260
90505906011400
2855499965855
938239017247
488072444
67577333915658221
810075683022
595895
587022538743362
1437473
6589161512698014
855295818211350594
4394087
018047251696
67717104166821274
75756979070060
867430
801540982655538975
69076291864017480
9048033608151531
8224183535995295
799554
5403093
06747703531936
12712326
4082988672778568
54483689625072243
7925984771
204120140
8647598914
3408950
64308713459553904
560411451673
582159
935798536546617
812725890993
746766553121
8543940819020
8347794
91397972985782930
2354891
50895238160991
76954584261
55854373210435
9285565198270525
0547503
62840214515
848028873104301
8040755431957
157154135
7005521270195
7102004
4514578391230
421706263107810201
2344793886
1898144
6445332734
09564500
5249915782227268
28290034304
45571764174
0313892
9365679006344
31485363
5627739526955
97313995889928189
458089351542
8171931158436
8320391065943201
9726858598372351
9462335988359
587809189897
423180059
6331676055042
406646013985626920
305001676495
3307527586291723
9400518041276
48365314
88753948580597
93096039
9147024712079
91098304389231419
248665271
934357843
6440014
986584376675989
62564681925847394
78106254994
38657374
42811436
81660643
117050271199813061
954312404382868319
332406919392083
99491973742916337
1118781261676
993880897
6308986124803
497391223615
5975796
42963819
5774395
3846548
1200011241
58504041146959
27916474
803388638771046
5806576604146
121153794078575
2390889983582130
19089046466536810
93799287752610149
31479983702
946779758113713003
702431840
581149569640
583922
959195
074545027789429
62017425634746
66897621
62807903673237
158863
685192541
59387588285177
2193255
22908545097435415
493431298833
4637809920
9456005913982875
764161088
86241584506242729
05341168330
6185455826590688
2652427481481614
776021318604
034185262
584727514541
9918187
688889088755917530
0848503
187862805280
0075364013456255
881748
428293495713644
47393166178
68890583437623052
29116236826
4874736200488631
6648615
290752
68797971
14662811277908332
934359268
947960267573580331
809619710
67373323
5261012
807568
347743
54390446995889
13923327837036
835299142
421466544983596413
59752358201872
22955907562449627
80483159
108361983603354
5820144923
82224931626
862477015439
85703007195942156
7449364228021
27022495
5416674415753
6949682014
94209818878838404
316870998970490220
827563176
755615755315
0548125
3192571470035542
74914439687564
18145900
497688378478
52549932931348924
3011668242
9458291643707
845503397238446
9748675738843094
621225
32965329364490
097965
32502132218
9149886507079
29552407158
643645080704
5178852935067
287992
86040957
728378
18686177
44858961
52208535
0507441989976083
53672735260
6515415048
707880901
0528643837369
75713730718292452
6575721
617120525069
933820235
12036497
19063773841925241
176626466552243843
18605483802547
8588691360269
23163813791574524
674687371415428802
9955989515536377
628871713477
29487143
975173485337190
69216257807
309325204
975448556
52666715907409490
67703976008965
16519517818824
77731790
56963560103
208284606230142
49343190335
243126317739253032
922044796
18326932128006
48244267983
199190253802
645274
8771109412158
6532937184
49363682082808
9574458689351557
3928243
01541145087521041
3581683933698
52406141215102
2274897825204737
490423527053972139
804770
8312886668
99397557056323910
280100
1710702520215674
892231
345777366149094
0481879085565
9260955665660477
0332828074
3103424257818866
61824423198552
4093839539863952
4337646848
168783199876585246
09113138
715561125823571
2314771
46363377285983
001341200
202016572535
3371429
365397695945220
25842099196956
6587939475005
86128563
665633181022519180
94101277534
773020
1482789944854264
0463038
542751614404
34148795071
0273466
736401268212
5170903304
068209946
922977894055
935425
405934712905
392340
196310311065
7724406
77584041541228
49939299081
7648469
4825962
4434581925
08434988128071173
931720476
91722166
46763272418911908
41794707285606
789219716631
851545
92916540857
2383389
19111627897193
67594642474572
59257243421
81845253655
8088912
8439784728059846
981327951923
1310760807
4307675389319
096177730
70700029925
393493068976062
04569701
3560621
4079063
0250590701978778
65364336
794911
2143332232
9928397430863
45125633414664878
8156918705148
94090204223447
006894128532603
319457722611067
4778458933722
81362099
8998408116
628162248607121564
4849767451127727
3557665817521
593276
9581320111797
89582713120415225
391410095803
6324496268
2745682
207455
05831083
58444148
558420660
3615953940
0008841
18483805
1257484395
3041184930
480872287675775
81653226580395
924203310781012625
5379931911215998
4663843722
10647505875
714454978
4451459268
674436
26006401
497374546919
8548567
72429957916776536
3216279505
2944642846198074
07084226832077
172558293611999893
99009837608766240
70023200
03985537027360
281027432371946855
0912123
414256648
827014547715739
3257806
149054257
302950822183050
988269771734631
22386705762
96629188762033296
0311218308031785
35089113
553825184
17049176
4906024317881023
7755947819996
489742437
91728915406403667
955155400255
330872698235486847
3581074990
675800478690
9180002
8182610978
20320245
8510664
715572696059311
60362224
7553021496510
9359998393696
12556496787162
963002911505
9713499
6523659690
458133
68565764749372
99141110518956
4310725613934
3885584487252613
98335456989553
126219
670862234409
4658136
266168248491844
4604276321322878
247349162289
38241290452646615
4320370348
0196266266374
132295202705242
5679167
321792
62121982991780667
57155771051939
377235519
174702733726
46805412854152556
921647
42761696
6933832812892
1383060191
9169160760
4124317
0775249533740
914493203620234848
59111830973511187
63530594641683
8568040
809725083142
31859300684209
469832676877154455
53056109324188221
7401753896077075
22851958
36493001
764195597063
214648156124151883
9598023536602
4723073673915
107075479811275179
684239313
408324969835784798
099863511281432
324531809
8212031
535884
3701723
0640253
5200487605
2906441308
61656312947
887979374522
57433917538651044
3843321567012896
492725910338627
1349371333483
606836365628
191217122060
50007785209664
975386909665045253
044375
28922115128
70042184979111
3263840
463850704629188
688124013438210464
62956429882
9169275000
591788194
444381395
273564922367
7606639394345657
45797588985140454
701979942681341471
509120200205821
48961050242407
480886941689295
6158593
930989653877304646
698232522822983
639937
49517058
1487312166127
616774345366017
23801474421715
835442
4117361019392733
28251591897598
14391146276869
580374130
284586585
462115697153
92464518
07715958575503
00643539482
5072529
002205511673827509
393567154
272090165834519
202628795
931066558602448
52747991569
4368286110441
126637555153854
804530
399353
9759860309
07324253210
783265
79594483551938691
05065430994181
11438000244847755
0006329386
22614879369350096
2566732377327220
41432315
80720180484739894
243578634
016764391
930016611739
4718619915522820
83920591159292
91308136
2319606920
489244557052
501009
16143891157465
72808686572
66262207
248124
507754912
20631795
954345119
1465212500462
68393435279148347
58544259272
643903707771489688
15929283
54915874954224
97856545376156009
360426123
16120239130404697
5774481
650591
732418922673
156989
1873063
566456
1475348026
242774501652184985
4989705061220687
673547965
3519615952908446
17384508
43619862195497
8608373418
251152
00672654347320
2182554
2094829039882
3961840120092
47801126559355262
17279860
07044554889
2360368622729496
90152355619568
13484643599153016
650820199711805
7726379521732
320101455818384344
1890738198868654
4835205787119
293034261374370643
8706847504617335
37472015430565225
276460014281
1281041
144139855
416384366989037
0367596214
4278530059039471
332401
39020125
805546543052
625958889418601526
5706544
60647468276210609
798026
905333678
10238362626281
69354747097092407
9185684
44789014707
958629305270366168
507884276
59699046323251011
547076393145261439
935991250457
868090669301674
8295440162063639
887280
0004635676990626
54305072382340
9526407
88448459441641
600269
0861396038
673783741455305
828086161683342616
69298920197713667
572456
65838369634110297
1527878512291
881957697114
68881244137
6480286566214684
256646408325751595
943053687392929652
37946678054403818
656950724807
62088548474271630
886542432
9367029
749831746421529323
807224282243261996
410962
96866387189954767
88413400727002
8353526486858
577964465
8938292749
16485213
7272556737
309658
1806690
80463246753347904
7778313072
2687118
45279575970
2266709179
84829577891
81703964346
09506327
32470266760067750
9414387914985547
779458505561
4412968
18214664
2183878
12795266248900518
747758286451
62969053
066692458
4055393582320873
15018598
3206737
15752909296163277
9723235085
882775452
972034
903276
606760645631024592
669486830115829817
63501120759902154
4621099379138
3501939
361660278984
180564
161089242
67546677305947337
2323576012419
798822725692826
183738302680915201
28721920898
7578307
0710148010874094
41077031
7055851760
477888963365141
24687825447802400
3339505049
087411
054813449259284
9704472388241
9640910758
57183580530
9370215404691
8721458749625
006136705356
866365146579913
720610
625508266894609205
653587893052477738
1930561757608
88884644127
06309099
5546622486
665446174850157
730542455
36757905002
131937738357991
202457909866479
2984713465544163
0389159072741
38425074
54219523720
754131286
2710940
0928860
55698115992986
806379082797840083
49829199204
4627909866554
6365008446117292
843517
5117376
0787874621
45210989986248
28066061
74335755463875
025299574238
6460438065403210
