91
313494
0235574306119701182
4200
95471161943
562
695
7766900
538761060750320550
38299
83
41740150
2243214967740673286
4747
95085288
420049166985023839
61465
221101
5421225458
11472453
3540697749
5321468266940
28346793046611
903362358
977363
917200974979895298
497
886863698096252
40600
6301492820
985977016
7674096
962376638691139
9149886625
0954578
133
59988048
8570893480
0259689
7284408061405913
04827671087452
99762
72382866277184
3104387
7393
521046300
42474304
056622
68462142
80095938286948
765497584249844
745
6502
2110499019987
15484014532088
767995368
44891044602
1847917497586933
455
363405994
91
083
4256918146029655715
4790845293
47662
7605333163152043
4085
9116967800942
277807608
265
97205651195462
158950824
2555357
890384
4699574065137145763
009156488857443
75
3204153646323
518515796722272
9449
263919620782142474
33694540593
83
96111846363513
091
78287
26
76677277
822270103159761669
80614
68655711
65269350123
7062
76115196272374446
34
4628204352128
71365
661442931050
06251697272360
894329
23820
929135848927
907239063344772
18
9369910104896196838
45856
6289271308197662598
079699365439087
641904701821193332
61512619380
406339601789448699
4876934513705
101438926255510459
520231404369705738
30756115485317282
922458922
3831238096
53393079571704
8888
8286138659
97314642360
142199322439
6066276637390729
128342244553887340
26
2629130263324
056168
664534775807
14623409134
75
139779527783
588
83835393824
885
984
18127
16634
61245577
349
22400840
0394399345401214973
67165
02502187703106
76945229090308
59
550517072
495671315
664462834030
653
3040661872
79327
532930385
140969942175875844
10785
846415860879
5736
2887531651
39925
3813326879593
6074881264589865539
8195092629518
490517234491
64293902274180057
9893355
2238
79293690404
633842
58092512051382
710830
508522356
777040700
71837
6262
163076987
853501138
4628165213562877062
1357108446
108881511776464
83395954
089944376958875
61704330274732
75
5165
91
051913833119117128
254110
24056889
09442112
192690
54075706942
283259504394891
03434
26
74295338
98188366805
7690515392161048590
162118319
84135948028
341037411967547310
414
532449789362275744
568531490734
380
095569549930707061
00477828829175890
994339961959
1909
068541413372456523
638263618719508
40677330140
224
208452786014
2521291708429659062
7595507
112166270372661
2436068680519737888
9790668
8030240504
1546927847179
976398868188283
20313867752617037
5039524
1681493
557082
83
604
4788
921234661756
2222587612672746808
2346856
899534
88216205
06643
155262765423186348
1547543502
786
33614212067
1404
671062070857
6449110
718646479755
9408906078579851566
539
357670450257
26
60039341575586430
765406269
2215526556983170
338128539773905
4903
918425
35951375
91
968
2546979457
030988322852
8952392057505358
5368476691801515
197246732789292501
95787498369
49032554351
579136
374000909570305962
1958
8947127278913
443451824605710671
3831808365752935
885
1466366
95847547
54711072
886920217249
6598702030
92988924775373081
223847703871116798
74307948036892
7849
05143423577782429
28250182347749073
5446992869982
4865218
85969
302240
2272417257337
74568371822
12217553174950
26
1291292155254088
4846
39658619964778
5586691639911
707203943576
414554584
208
848720942223127352
545769185240274
618995634069911321
3905342112320
494765
956656
92887463112
6057925148650572
919
1449313433971755
362442
6016893
75
44545
4598
5710
64370052222490954
3541158
110655713594036546
43730090063588
4952
8933061
6237014456474710514
12336361993418421
23714637446
02895655367176
7934720450844300391
8045
210827583312204
8456924330638
0794737059301
75
1748757486648280
068056852
6958711217
82320461765
8706863
948392423380
973845005373779764
6403565124293988
00
3772
662074329141679
08953
32067910
72656866962200002
13268495945
91
4397229861472417373
697730249600990
40279
85167963
3464898067
36953203556517
442042714633141056
380146199696
564210342037937932
560298549794
562
431080
0737
28088565
8081465
56871077972
066464
87015
838783797388690
42184401837895
5246729580047253
9412173628
9134
2970744204649334779
1529
986213468219969534
146133812488
672553773157
70445152591
78307433012610
026225303055828737
60548055274962908
60848
889140156267916
774723483301
49170422012182215
9557991824767465481
483833774374046457
89664
224636175
9703269481
518563
90568147854449
7734012249758734574
38521418782208
89190755
256103573
240366994194
747555944
67
729
65978520
12220208
09695693
285676371198055
68311935
3195683413657018
91
32003616349177
606426
602375
03574
7890112749145
324475165476691
6676385789647664949
7759721364662626821
37885851960600
0398
5017
42
32415150928390
0695
91
6789886155307735
00
497118666153
704254
8214590171315455
59
208361469
190
9332
37152394
76331266180197
71080935638730
80358
9029166
00
89232399472167237
6683705180816318377
21796404
152810263003
196823741024953
94724610173785
834893129307716
1486075
4474206812
6755596905948358588
741042139
33223847292710
1132984
8290216863
26187
4930997137464308120
088021
5382740474942
71373
57522689199338657
89864798264142
5114137
00594781234024872
0059
85977601
0214963303836
992
42892937120694464
7011125
653413104
003781109177065
204329437556769053
476401947587
1935958708722381
64444
23392352631
036833185736362
810
831763820759447895
3125407833971
97387585801
03308334411027523
3403283469984537
6573125
82411919
953551726243663690
75
9646113350878194848
5546625311483368968
7367421607442423
0190
436147
513
117
968
5207662211199642966
42777668155
1457714606
0189053572
52659087731360
2979252461218
64329433854321216
4810008
4675040122401661292
0625845326255943526
3921
404480501
79503066
061575737057155644
5215
0250837492512
1090049058589
1988445904597
7725915919025571175
00291888105
9814195
1350808352621064
19108334276946
144569159
025564824
27382962189503
20554813695567812
0018325
623611
86347188847737
4265262919395681751
221242308593581603
625864300115197
473002977919125142
342626
5363
61929
479331519040407
883106613832067401
884624974
42456485244
91983
836
377761978
956870999706
5749450823833
0406
9678156929
55057072512704
74839168778589
8971451577054
0573037410047315522
425061744
1792
945185251119
559351
81877078
885
453908142865506
0752189930940
99312894
03350542016601
290584853
059
80340524
7898
371259533904
229009466127806
07963
1347
15151749726
661
3181143731300
0205815
4355782824214042211
03381278686119
690690219324657
33846528
919
09688458
4738794900
3548579232583
71173409675608660
0521230560034
588
463264622
618629
426874
9675158480609979939
76209814297309315
20074279380548
791331657159
17480097603
806984
158
3565430603051492130
52133022
397062613
2383131
582759
328622545719440189
143357916988
910474190709
5095994932020739451
521
47357
889680173477006
05578701731
5926061691928438
1175744
9633396842
721300706248993388
2294070087
91597138
4883511102076
6370288282479
66734125027636
66642323
8319329
6387
509934106413814
9663926617221827189
46445615
36756
73658163
801406336038245
58122199913759669
2281186218057
593447903570
595074360144283692
3437688
683856954188
1388
3210654497504
5346548251138483
49246825795
1480094
602635974633864
83
850418369
624733177223146322
7144199
803197923965837
085696
27676573556
660101501694134
097189374776
919
1979295647
875847632028
6346910442970
75
207821364
6502682356356
63213805
042312455543735
128020940029833
5412337319896160
0773512277767
4473484
40374282
75578076395587722
18
1171837931
4087934740951542740
3864683
37517377160312
696722941
422
29926
503350077974820455
629342320
18504564784
251814171473613788
976
4949316823545
7880
59499151021
849674276608781598
655515008606
4856506
8100961542
4569447188290615784
252141369032898
53282901
053143195682
5111554
9210915469
6445
79735741617499
752131422974884
6110263663493912
96137841910
9624861334784206
349
75
836
5991309807
59
25794220033350
699499331
937789
661588635945
427920988487
729643494
904986917891647
2346171928281
5326883021
526167100407
28431
2472123663068448
3016079083
211717326218231
1605310225271370630
378327088258
400149669398237392
28035566
3988
888455847
0014154134695185795
8696957
72785710
185364042654
444888791644984
75
3823501006773034353
386488464
6023
826826
75248510325
76548689722795209
71417236279121
869
68715934034832587
3852929169
1603218365696434252
4837905998851050
82965042318274
140037234043562798
684627003
476863535383
708265343
53850
1401533417
901
67456387341450
844
3794980203523103405
4269211637498
95137232599015
830240819649
1268678677
4357765221085755
57502755911
3483
147759118242
666690328297
91
05345426
36757622331
55138768437008
7534
0697576981
320323961245783
8151
65510497
1594159
422682617
17767241647853
8709569407
826306775972
2131282
708211060254
12891475763653764
77232643
1360474865478400120
781608143719003898
191201588126326113
6130
39735
5107743
9175
9457743798
41830
53679485036
5911102
67
5872594626761
9572655614792711
21626
05306370783
40689144850890
13741343
6544
8893524134806
7854351371
56406680241
9099177
886343508
020619778465
32834412419214
6471672605282402
7713163029498663585
2652781411067
77666436
06008155
80777949
9156249410
995090491954176
4861247528
3364700
54688712584
67306
001634538241
281661612509041
426118837994779925
095381820265
6175399024458
1073
838956781085
106217011
08383
0637921495045753362
604
61601972912913329
6608939
181990789813294418
1987244413
4138306073
061739232718089
601057947348
26
82080620535
4985990
92245944524404
83876836189293
696678762035
056642010
11027133
0785466748940
56127872695466948
18
5090865
414
75643310493479974
147656416715
4659801
4655
80336938073
895015667
3041232958664353356
737
5515926981731
5891664422570
838152643353649
121251
20214
4424
91223898457059613
89017186650964
7898
82019755108846128
594094351
77326633995
62115218992791
316323
089185430264
920945362498
57760
3079688546994
5869698816660
687
5835129810663
278135
4368834168079
8568804654232311647
200246
17828977078
154308653502164312
635870
604
365947571
4965646
250688871926332
251796460862377
1820996294
3960711764
1443449
31480809
95509642
7782410904124315030
7716194
2671734578
3222171
64791991536696
68660355677623429
003988
94824992
26
2201829405499
5176628703975674197
3970639
7461693891788019
630220330189901225
3434
9373283
177121
781644129042206
442495958450
51177
359424764210985965
1472205880476158710
00419372260963515
593715
219910101466636
33934013641
632539
6049599250650186843
03046
1650110966
41244
225691575
18
17537927165508
8469243993713
446561128
3151495
684035
37331151320245049
880532338
8870587704594389971
968696620128996
443968109662
530337367373411175
1257042010137
4739
722491818
55609396936
61997471647514
47535595414442644
38521
565906480519631
616963963
80944268024991527
089327561176075
21361415
491460358
772182010
572054435
2504876
9184498199381554
9361014088
569550043966
23007038242069
536575053
94688807235030
474945977744260
19405755034
062423054253950527
906824481826939
619566177
7730698326
1998622429300
589341
605815752
68379395049215209
8754287405549235199
1399407829071
59
409599
5608135799550396832
2570638722386349699
8650310473428406
6476653182112289329
4569349
682629728861
3602942769
42
84362227029595
356
0121781692607
3376584110
15758836489142
88586607132
9072559421649
6624712
2732534827
0687112283458389203
3869104
9370334972
614669
7998735
9415
244692092364397
768804833003879883
301770
113932292105999657
3079
133
08884673099
7720047237041
656886975
1057689984365171
299476205081
1036218343
64969133533
5539928189341
371036476
701456518974106
058526984510987
3680535
34
840934
5518813378300864348
098058973331680