9
31349
023557430611970118
420
9547116194
56
69
776690
53876106075032055
3829
8
4174015
224321496774067328
474
9508528
42004916698502383
6146
22110
542122545
1147245
354069774
532146826694
2834679304661
90336235
97736
91720097497989529
49
88686369809625
4060
630149282
98597701
767409
96237663869113
914988662
095457
13
5998804
857089348
025968
728440806140591
0482767108745
9976
7238286627718
310438
739
52104630
4247430
05662
6846214
8009593828694
76549758424984
74
650
211049901998
1548401453208
76799536
4489104460
184791749758693
45
36340599
9
08
425691814602965571
479084529
4766
760533316315204
408
911696780094
27780760
26
9720565119546
15895082
255535
89038
469957406513714576
00915648885744
7
320415364632
51851579672227
944
26391962078214247
3369454059
8
9611184636351
09
7828
2
7667727
82227010315976166
8061
6865571
6526935012
706
7611519627237444
3
462820435212
7136
66144293105
0625169727236
89432
2382
92913584892
90723906334477
1
936991010489619683
4585
628927130819766259
07969936543908
64190470182119333
6151261938
40633960178944869
487693451370
10143892625551045
52023140436970573
3075611548531728
92245892
383123809
5339307957170
888
828613865
9731464236
14219932243
606627663739072
12834224455388734
2
262913026332
05616
66453477580
1462340913
7
13977952778
58
8383539382
88
98
1812
1663
6124557
34
2240084
039439934540121497
6716
0250218770310
7694522909030
5
55051707
49567131
66446283403
65
304066187
7932
53293038
14096994217587584
1078
84641586087
573
288753165
3992
381332687959
607488126458986553
819509262951
49051723449
6429390227418005
989335
223
7929369040
63384
5809251205138
71083
50852235
77704070
7183
626
16307698
85350113
462816521356287706
135710844
10888151177646
8339595
08994437695887
6170433027473
7
516
9
05191383311911712
25411
2405688
0944211
19269
5407570694
28325950439489
0343
2
7429533
9818836680
769051539216104859
16211831
8413594802
34103741196754731
41
53244978936227574
56853149073
38
09556954993070706
0047782882917589
99433996195
190
06854141337245652
63826361871950
4067733014
22
20845278601
252129170842965906
759550
11216627037266
243606868051973788
979066
803024050
154692784717
97639886818828
2031386775261703
503952
168149
55708
8
60
478
92123466175
222258761267274680
234685
89953
8821620
0664
15526276542318634
154754350
78
3361421206
140
67106207085
644911
71864647975
940890607857985156
53
35767045025
2
6003934157558643
76540626
221552655698317
33812853977390
490
91842
3595137
9
96
254697945
03098832285
895239205750535
536847669180151
19724673278929250
9578749836
4903255435
57913
37400090957030596
195
894712727891
44345182460571067
383180836575293
88
146636
9584754
5471107
88692021724
659870203
9298892477537308
22384770387111679
7430794803689
784
0514342357778242
2825018234774907
544699286998
486521
8596
30224
227241725733
7456837182
1221755317495
2
129129215525408
484
3965861996477
558669163991
70720394357
41455458
20
84872094222312735
54576918524027
61899563406991132
390534211232
49476
95665
9288746311
605792514865057
91
144931343397175
36244
601689
7
4454
459
571
6437005222249095
354115
11065571359403654
4373009006358
495
893306
623701445647471051
1233636199341842
2371463744
0289565536717
793472045084430039
804
21082758331220
845692433063
079473705930
7
174875748664828
06805685
695871121
8232046176
870686
94839242338
97384500537377976
640356512429398
0
377
66207432914167
0895
3206791
7265686696220000
1326849594
9
439722986147241737
69773024960099
4027
8516796
346489806
3695320355651
44204271463314105
38014619969
56421034203793793
56029854979
56
43108
073
2808856
808146
5687107797
06646
8701
83878379738869
4218440183789
524672958004725
941217362
913
297074420464933477
152
98621346821996953
14613381248
67255377315
7044515259
7830743301261
02622530305582873
6054805527496290
6084
88914015626791
77472348330
4917042201218221
955799182476746548
48383377437404645
8966
22463617
970326948
51856
9056814785444
773401224975873457
3852141878220
8919075
25610357
24036699419
74755594
6
72
6597852
1222020
0969569
28567637119805
6831193
319568341365701
9
3200361634917
60642
60237
0357
789011274914
32447516547669
667638578964766494
775972136466262682
3788585196060
039
501
4
3241515092839
069
9
678988615530773
0
49711866615
70425
821459017131545
5
20836146
19
933
3715239
7633126618019
7108093563873
8035
902916
0
8923239947216723
668370518081631837
2179640
15281026300
19682374102495
9472461017378
83489312930771
148607
447420681
675559690594835858
74104213
3322384729271
113298
829021686
2618
493099713746430812
08802
538274047494
7137
5752268919933865
8986479826414
511413
0059478123402487
005
8597760
021496330383
99
4289293712069446
701112
65341310
00378110917706
20432943755676905
47640194758
193595870872238
6444
2339235263
03683318573636
81
83176382075944789
312540783397
9738758580
0330833441102752
340328346998453
657312
8241191
95355172624366369
7
964611335087819484
554662531148336896
736742160744242
019
43614
51
11
96
520766221119964296
4277766815
145771460
018905357
5265908773136
297925246121
6432943385432121
481000
467504012240166129
062584532625594352
392
40448050
7950306
06157573705715564
521
025083749251
109004905858
198844590459
772591591902557117
0029188810
981419
135080835262106
1910833427694
14456915
02556482
2738296218950
2055481369556781
001832
62361
8634718884773
426526291939568175
22124230859358160
62586430011519
47300297791912514
34262
536
6192
47933151904040
88310661383206740
88462497
4245648524
9198
83
37776197
95687099970
574945082383
040
967815692
5505707251270
7483916877858
897145157705
057303741004731552
42506174
179
94518525111
55935
8187707
88
45390814286550
075218993094
9931289
0335054201660
29058485
05
8034052
789
37125953390
22900946612780
0796
134
1515174972
66
318114373130
020581
435578282421404221
0338127868611
69069021932465
3384652
91
0968845
473879490
354857923258
7117340967560866
052123056003
58
46326462
61862
42687
967515848060997993
7620981429730931
2007427938054
79133165715
1748009760
80698
15
356543060305149213
5213302
39706261
238313
58275
32862254571944018
14335791698
91047419070
509599493202073945
52
4735
88968017347700
0557870173
592606169192843
117574
963339684
72130070624899338
229407008
9159713
488351110207
637028828247
6673412502763
6664232
831932
638
50993410641381
966392661722182718
4644561
3675
7365816
80140633603824
5812219991375966
228118621805
59344790357
59507436014428369
343768
68385695418
138
321065449750
534654825113848
4924682579
148009
60263597463386
8
85041836
62473317722314632
714419
80319792396583
08569
2767657355
66010150169413
09718937477
91
197929564
87584763202
634691044297
7
20782136
650268235635
6321380
04231245554373
12802094002983
541233731989616
077351227776
447348
4037428
7557807639558772
1
117183793
408793474095154274
386468
3751737716031
69672294
42
2992
50335007797482045
62934232
1850456478
25181417147361378
97
494931682354
788
5949915102
84967427660878159
65551500860
485650
810096154
456944718829061578
25214136903289
5328290
05314319568
511155
921091546
644
7973574161749
75213142297488
611026366349391
9613784191
962486133478420
34
7
83
599130980
5
2579422003335
69949933
93778
66158863594
42792098848
72964349
90498691789164
234617192828
532688302
52616710040
2843
247212366306844
301607908
21171732621823
160531022527137063
37832708825
40014966939823739
2803556
398
88845584
001415413469518579
869695
7278571
18536404265
44488879164498
7
382350100677303435
38648846
602
82682
7524851032
7654868972279520
7141723627912
86
6871593403483258
385292916
160321836569643425
483790599885105
8296504231827
14003723404356279
68462700
47686353538
70826534
5385
140153341
90
6745638734145
84
379498020352310340
426921163749
9513723259901
83024081964
126867867
435776522108575
5750275591
348
14775911824
66669032829
9
0534542
3675762233
5513876843700
753
069757698
32032396124578
815
6551049
159415
42268261
1776724164785
870956940
82630677597
213128
70821106025
1289147576365376
7723264
136047486547840012
78160814371900389
19120158812632611
613
3973
510774
917
945774379
4183
5367948503
591110
6
587259462676
957265561479271
2162
0530637078
4068914485089
1374134
654
889352413480
785435137
5640668024
909917
88634350
02061977846
3283441241921
647167260528240
771316302949866358
265278141106
7766643
0600815
8077794
915624941
99509049195417
486124752
336470
5468871258
6730
00163453824
28166161250904
42611883799477992
09538182026
617539902445
107
83895678108
10621701
0838
063792149504575336
60
6160197291291332
660893
18199078981329441
198724441
413830607
06173923271808
60105794734
2
8208062053
498599
9224594452440
8387683618929
69667876203
05664201
1102713
078546674894
5612787269546694
1
509086
41
7564331049347997
14765641671
465980
465
8033693807
89501566
304123295866435335
73
551592698173
589166442257
83815264335364
12125
2021
442
9122389845705961
8901718665096
789
8201975510884612
59409435
7732663399
6211521899279
31632
08918543026
92094536249
5776
307968854699
586969881666
68
583512981066
27813
436883416807
856880465423231164
20024
1782897707
15430865350216431
63587
60
36594757
496564
25068887192633
25179646086237
182099629
396071176
144344
3148080
9550964
778241090412431503
771619
267173457
322217
6479199153669
6866035567762342
00398
9482499
2
220182940549
517662870397567419
397063
746169389178801
63022033018990122
343
937328
17712
78164412904220
44249595845
5117
35942476421098596
147220588047615871
0041937226096351
59371
21991010146663
3393401364
63253
604959925065018684
0304
165011096
4124
22569157
1
1753792716550
846924399371
44656112
315149
68403
3733115132024504
88053233
887058770459438997
96869662012899
44396810966
53033736737341117
125704201013
473
72249181
5560939693
6199747164751
4753559541444264
3852
56590648051963
61696396
8094426802499152
08932756117607
2136141
49146035
77218201
57205443
250487
918449819938155
936101408
56955004396
2300703824206
53657505
9468880723503
47494597774426
1940575503
06242305425395052
90682448182693
61956617
773069832
199862242930
58934
60581575
6837939504921520
875428740554923519
139940782907
5
40959
560813579955039683
257063872238634969
865031047342840
647665318211228932
456934
68262972886
360294276
4
8436222702959
35
012178169260
337658411
1575883648914
8858660713
907255942164
662471
273253482
068711228345838920
386910
937033497
61466
799873
941
24469209236439
76880483300387988
30177
11393229210599965
307
13
0888467309
772004723704
65688697
105768998436517
29947620508
103621834
6496913353
553992818934
37103647
70145651897410
05852698451098
368053
3
84093
551881337830086434
09805897333168
