6	7	13	14
3	5	9	11
1	2	10	11
6	7	13	14
7	14	13	11
7	14	12	13
1	2	11	13
1	9	11	14
4	14	9	13
6	7	12	4
1	2	13	14
9	11	14	1
2	14	13	11
1	2	9	11
1	9	11	14
5	3	4	14
1	4	9	11
1	2	11	14
6	7	13	14
1	2	14	7
1	9	14	7
1	2	3	11
12	2	13	14
6	7	13	14
6	7	13	14
7	12	13	15
6	13	14	7
2	11	12	14
1	2	11	13
2	11	12	14
7	9	4	6
14	11	7	13
2	9	11	14
4	9	14	1
6	7	11	12
14	6	13	7
6	14	7	9
4	6	9	14
1	14	9	8
7	9	12	14
10	11	1	2
1	12	13	14
2	9	14	11
13	6	7	14
1	6	7	14
1	2	10	11
1	2	13	14
1	2	13	14
1	6	11	14
6	7	11	13
1	2	7	14
			
12	13	14	6
13	1	7	9
1	2	14	7
7	11	12	14
			
6	9	12	14
6	7	9	14
1	2	7	14
1	2	7	14
14	11	5	1
1	9	11	14
2	7	12	13
1	3	5	10
1	7	12	13
1	7	12	14
1	11	13	14
1	6	7	11
6	11	12	14
1	4	5	11
5	15	9	4
1	2	12	14
5	7	9	6
1	2	11	5
15	5	3	10
9	4	14	7
9	14	11	7
1	2	13	14
1	11	12	14
2	11	8	12

