586316316155582886
1441126
97604471014961902919
52551743
7778594635
45291042455
020834514354899
12810047338172917330
716902797032041770
329054
8247
1900020040760044
28823383
44506446684554034024
440
765049
340
06934101645742
845785115436755
5737342
240
72406726
131526
1764234032640
53600571814
23565827856960911
64297
476924693582327762
48556041
1340991
801011
1400742850397482
7448461
505679069445
058751025
444525615087597
91912
396337
734782
5424929865473526
36723057
31961710482
3737893
416755769997271277
1181140487021
391998847
65397702918
99819
17151
6056732923370378
09284831283181389947
5400597637
561114488
9360
12056508597
2822113651225527961
349649796132311338
492698526
771265911131057965
3232474455
01548455433894577279
6083462
03648297727479397
7200345
0721794229241497
10238059346145069
465957440998722
137851667737545088
3120819424
0841267448742
8249193327551167
114488242271892453
52373004403
79485334940889
5834182415435560
57375612
4247372286760
1782332424498259973
51846994770168
14685513931921922595
17551
053191968982421
66192690048849460382
914886
4045131728020659649
709128986102267
453847042
9860
540
2331702557831
840
209272473240611
8639079357938733225
357079
165132
0126135057
3216305964440
958447769505590
01002306770929
06521
59065152726427627
548
38546813
62618208237347
0740
3220684
6200555693456962685
93924484658169203043
340
03500120980451140
51862093323456231
969332579
9918179272211
383514069692656059
756283774367379
193457
79007227
26355
538597654451
75429976934
344091379560914928
252679332
382014
51066873504851621912
21669640546
845034
983806316568
4727120194637618493
91971026872
1406486
4270238116
1855253506259
737124
677373
548
7970634485
4649001062
8960823461571209252
394852450035
37452953249630628
3056769680566528138
340
04092
140
740
4032767528
3461059446
28781
21982957802672150
8902
763137448445
3096022972423192096
1009217822
025286512609395
91649235132
6115742636
505384033811574
23252964496
540
7134
4344964649395
5386863923026182259
871733
8296566018433234
45199190133836
9097048536804044263
623806367480
5439302537191122894
0704978865693
9826
540
52254113056315306551
940
6710137
540737036
440
609764930
611387
95164
03501171661062
55893447879395831
655813
16012142409
589432762729
440887
756469051968310077
3679
42300660464146670379
1927568
255123888283
1919619956590
33119209186292277
64898625
574883304747
4775
378634515879
1141569163
75282789128
70889844968
4653723251957
01263027782170371129
240
78169
6865958611
23516
4690794879778524
9332817186
03907328198048268
9283432353961376860
45476
342464611
2266
29399214
132666367058786031
513949456
819474427
8988995654657109583
0568677397
2923039
8513884
0498282
13996
645693
695976538246
182013149
5697973983465
06473051163145410136
7824005162965096629
5509808537115
344268984365121787
4369514894197066494
0336500088488
974360050856
36172
876904084631593
7824451
44911170785
436752522
96937482656423167
617168
5278155488358434556
9534825741958
271316
108707151283
93784444
2273437007506662
542398699455521
98517441
0109324871395634
1532743453
15057690935710
64641358431
899969964
012683
2566
142607088378
8169774
112080452
240
5791938782
2163552
61076929429
340
440
387233
15997396
615343420
51393540375482131761
5273298336
040
840
040
521439256124
076543144810
217469171121
42510094406223232
83021
940
440
02314935978423
56403485848039553928
941539604335
61703500299735
11981434995989650945
465225187652201583
120663641324
2700599845
94930817010
892960375220599843
3279
57922
37979521793356970
87758429
8464053625
8582621547795571644
22621375
32230229488
14412
5495461
53577208033280794131
840
027699736267
83396234478
240
14912
140533888779110
73524648910
9269319
566412240
475356728377
09160
568689343
71475
0695567321038059
332054980832784785
517049
440
7461014280934629
7615681723126190
86820942519
123704438
341396846
7914053
6821
02606366576861
66202117
218326382448
6434945473810046737
55293
64004359335525
2546436
923789827074113182
040
944884933573764346
146402
375887
4088081
378501062055971836
104634658329156164
515183616718527
87730926133091176
1484536
6146598289885827
614447836250111
753081456988120768
1232389981678790979
9877856511425511610
68248456829779535023
851096
871583729
424437019226
85226593899007602912
003015536033786915
048544615890794784
3166483253302002874
28181
4360797
93038
3805119959849035
240
77236862665993180713
4745888371
31598960
538
740
2793302527866060
0445991932592613
22309388098832336559
9819791604543916
60070908161134760
80124436545177145
53567
5629
5419262965209634172
26631759552338256329
412093166667
8988753
57122
503577
4913728119328838487
99694683
446821077819707397
043076459
01202450246330450024
5064453331127055
8624744247247026
18364
6057263
10834817263
7002385575
086260
9831975
7889624
49161037
0405064270
26362353019783317928
8947
77974925572
0886518
275876585346
5965890370532194
345139437
7475961910
43691889393
56449198412130634473
86264106543215
092567011482
8661028036679120285
2219219141082609936
43371668200124424790
53056936
1563633673
86542472
040
907811
86708218
8247
4292
614612687
4859833559181957353
48118
43401836195167
9243798689286865
574058471235921
3235186465464
81686185754
006924292870885
037402445338
749956319158
18905883
640
263387515255447972
27063
8211949586605457665
77773609752524026166
30753462920976
0466665392
294551090927181
864355
712922
9594960154527
736784385
540
14883684665353
8709716213297
040
7528746
640
2123885170584245285
24924864303257023370
4292
514175520500923
32060749366444683
68943127723869
1247646767549349217
802563106
04916195329
5082726
540
2564867016207860724
814792357038360177
4492
355902458
9469460384308872
86181440477
0606729460038857
78811926652918793487
4583116468489746
654372079
74026124921
105324674330414647
00826366957681
7892126754
292978695001678735
88595
23616
5255264071510987762
9978333638872937911
0240
55449179
0825536481390432941
34085376615834491682
640
174952919
61148932078
10757690051
455657755291275
305465
6797486541996060679
1664565570
18877722283676
840
1053
42164012
4921159
9690267615518116571
262478426291069717
71219891773
840
414700808481
9667469
111398394882398045
66797821738554585
15044236910473363481
167617444959679
40978195537562
740
730331891
4923043935
42144225507728325048
389751321412691
657309934350017
267640475103556
24455162898678781
944745489571121
80930559
140
64474457
8954737
0101672
58192889
13574700962916
565811
36159651930769189
0380754582
9910422169
4892
5005226
940
533668942
8919716902053
408869510151255489
12171733141
3149070794
08700104756053749715
763573734
48182604604346
3079
9060
6997911
2435784
032921093597
8747
3979
7248447251759519573
38544899789397785
876864160966
255973980
440
440
15264555688
059709248617
24829248991766865462
707724438167643821
540
040
55882575458
6221
35409353511495476246
528
979700389
48392850721079501138
61445428686962578152
6421
212580541493411
64221148124613181
316331158
44789803448023451
34847394755852321
77372827835808586
87308538427018493
710417957969658
15161096898147
50899776744389482
1564417725398168
51420723713335
918341
981033740758097
789394165149
4334895773323058178
0425076130612545
09287943603915693
80248574957680476
991928790342273
34897631128
6021
22537854
1152979027508768
967254593867
9595075
7065618743922
79622613
861216284428544370
37533833091903553
19230425460713153
3957672940994920879
04063285394
9560
276140061858807956
103360752163516989
4441550619
75882522569
176461171
3712923090035583
3241634
2263417695553
460324
74607255386
435303446602533738
140
733308443
04992
6328497836300663
2123036519247717
8947
65395611
340
238601337780436355
2293429341513926
891953976
568
11570
700415495
57924898915982526
63684
561056
0340
68559305785630528
96178301812693
8647
76064221296040
62246270809966631496
341481
5376798908178
57832284655755865336
3793213363481
4761691971254372
7382666731375
29585
140
42385372359965
1215356080691319
240
628442583087234
6774665955434847
86722371
375952812453314741
28034656251767019
340
50228
3079
81192
626672
3207820176
8790892693045
947469
4792
01612910989
64246491
7834
05277815
131626
209317324199262964
122526437
3101566014
05145366200575
7084581507802939
69193582439732
585841456
267291515751731813
7366794757181579
8701864478505804179
540
6421
16956338
1395119375
5781675032291938
1663815607669222660
53359090172218100360
80278037200213354
0747214034638225920
3571125865131
827305315212897
98803470989203221
2766
8251074146806121771
781799961317063
402245
039004805942951
417830
1658045828093
508
2263
4792
797829
564555223
540
627193027559
3185478526677
969442
35885355895467
00802519062687
640
39614
8947
58635
62067088762633
88882663260282
357469513699588115
92339384490
7402848886168
32406752364503653837
12024826410920284
15123062585
140
9985037
83717439897551489048
18464
766362
4248864775372374
69577012
895493629296074
12855851583105104643
51937907446
640
34234344329361982
42916102000857711
362989690318615883
39540761164743
31618620226464250
32047358260281356093
9502700748477917
24529
25642
9906035830023
840
69401555192533774962
96803228980
35472600042475639070
94732153
960553369754147
35418032755595368
0785277344168277043
7154855908376
780415053868
4140936177
0703805659161162
74978179954238117
004093568086992443
2916531133438
235893397620961193
1134788
0564565724240363192
28633847144172
8027108539666
10138671438563181279
5508433044280402236
67264671
47106183059584
35486982878439
8957232042
32180352840404563
459739846693671
8515879397482691
7334
243488
5156446
735795
1385630
99519
702012324602442
3145610449408785
38536585486
0540
040
38419581188790
21087
10095064239
540
09127175310
2466
48391592816821
63668810
1440059018626372
140
99019
9459888526
64049609925
95412702813023
2301285996547961
3705616
673429428281
01049063792348
3822230
7934
80051235336
122315798933640
8647559396971855090
977574879
7677708340464483
9572824337
878514982127479
5399689567853755
419959331105978
7256414
340
2168047654034896
3422124790754217340
24029
53767
12011630
8455474929770
5079153137497
34728204242730604169
851808340496443136
1186889622
53578515684465532
80679
5104423922738756438
05868620984318
9860
925019
0656545354
825626022
14689694157667696
9044825595
373975515826328
9218284658
648370774541869896
92743937
26794386227487
857977
648932464589487746
92516655556281
5549747
2531976452791
294750048576070773
454259
37579891610
040
4282349225
06887259999
00197037067
240
131926
840
99862244
224014713947
069941100925
75695835043451519
340
92434166689959063
394034782
640141057668888
90523216
2666
598
7555858
4624310383
97310349429263
6363150610954
58079786565827
992006158922
160364
737924
0839455582205572474
83326690330
552217026002832411
9025149914487
891167399970569362
7022832
21662896831047
9306978985
72980731578084181
73649697
9861366383399873469
61558
649648
65269624668904318
7274062574054885
650635054756086211
5784165854586
08947
46550176623396557243
803354819
4604308288
72684288364
148231292
778024832416385970
90396
88507154986241
04030586
472722
6016879
272129
00705739423139142
16946327293483
7534
362024589415939
920639401951655823
30324163433599939923
422966055540479496
609014194576
32989941319
1985169841428070394
4023111052199911312
447896583614799775
99202
993765897038308252
224332865410134988
84659194427
337546685146925657
61570252856843
8447
403849761973593
9062925475034
72881692113633763
39656457627680969
658899597832336844
68852
7334
455778088393587651
1799495402831
7759029806445633559
6545172790968159852
599284255
4592
440192624824233029
518
0999238274
25342
103709145367450
515690713
16053257614
9017964
239699766823
78118675896209212413
3721764029
0722084881212798211
405748222361907573
73373525421
20525268095557063
239698195
34646
957496
077411923540
54798372535320
246887045
68952
940
37998274301562
40245061
282120394484
0360723743163
842792
993365497207853974
127222673300013352
20480737260201359
896706
49296909741084603249
17058113
3479
4933079960192638
07060336123
140
40711
935854991449567
33994898289
1780963977974651780
84634
8101436485886
708382442424330
9038414
8557010
440987
63384
22314340
6288831157319
96483256232176
90474895
432461985357
04153405995
418033786
0455772
9236873484246574850
62971
891928290
840
47685942734836704162
9305278
10651361039817
456185
94158402751
513239634698128861
813682945190424
54444092
07655845618599591923
79809762594856032
36403335
13875631200928876