3983500325825
0657565414
227490490
57899296
759967457175
98368190830753800804
240
949937582774
3846918587
9760
3075104863
227634470197131837
11085850988280690868
745797938256541854
48214539567633
2766
15093742483342266
634685626034
444137742479984490
269506
4079131815091
0842586960510941
4835733424116044045
940
954721427093972
6492226143636
540
84524567660644
7651741144
72904395
742020508694863
89302
20835730893371125
83321
362030151903064
57809363259679336224
00067439180341
01680262401
67494194968473745
1139489850592
54680
89263429
2922260612766814
5362529887544254994
153114971
6941064014051
24718841019362455359
95479842852084626
55793
822204279309
763908628649706847
4428941189539205425
293565986966
3596921929
070462
20160808654863
7776046
494764299249803
650247811455092435
59548
340
113649897569681
940
7528334181497240
4183517150769
5591228
532925851443977917
85649885339851967
2352560
05423418914984
54181464
17722844752271
452100643713515291
81961768531153019526
61414880
01808638846917197178
08233515460406613
840
12313862298046
9660
1033232910164
87747596
7294963909
911147
6590480589807
44591849
45420818
65171353556807449127
903223367979465571
828401151
84063770
59550533743915481464
490023478231114008
7294456194829997
542018843140
259976970683
77734858496016624120
48153923
6040706420636
55998400132413451
65217343553228738441
4588379
9785853384
32804642665726
76366902322472981072
833753335517928064
223694588
8794765447665
9296031
912123615
67984179471132497095
77856
9560
5357081164668341908
34871618063832113
26428526
85485064933832612380
58271291272374133756
4108659660572821
140
14371752333986641
3131759958312459
370439812
473754374206
5186797
02162509423
3179
2502813
097526322
343463588025618112
84395305763477025
5845047462
5705671501671158
097883733738
540
1510329084559
9615642985781367
5189671033034147519
43450
63684
131910516965651581
071851322402006870
0772827
52849927444
34651849597897
44686733115749642
25342
057338780
934923747994191784
81392
740
818206149026425
6321
4327978547868721925
619408063533726
88526734
74435213
0722965802670
6899618
76849810
20080804
340
255790330179
96530119426089482028
240
66807257197207854548
52541818298156
4792599044323412
043399274187942966
340
896036745061274410
31407
49631
9980776349
040
913143162508
3255093193996
507692674
0745084215237221934
2962631449344353
4614458169
791048
340
212064837809
6844062
471954
111834927200749
1853
001176160518
148874122
9481458621234452689
9095043229
60845
140
436946216278964
0066826
681747759208
740
914586
0689019
33742618379
3795763688
6958484710353
749912814
00268729118
471441867606945
915502
610065705
140451377
666132658372136748
47542353170596985
403605763144272383
5933129760963712011
31588561179
473480
657668461698320
8030661484447694
8892276178
998194169987683
0749234038
1153
9764659215961547663
630235996277101
20942746969106772
7695760206956189068
8018817649
569190419923796416
8768320560101368
3679
0668977070
440
0286771051032903812
826613
79682
259386
909736437904614
0640
0995363428218
09642969440148
96577
11528055950003
693155
640
80997758
116926797
9653489854438558014
1998906
8508537528995
0428655577
0768825522184602
2001779352340
040
893941479
7146785365073817
38423123506926969541
277358867309377
509864436
92125
24930167585982134627
868806697778739052
440
931064622659814
904069
7073790674392745
9345337455654220
2485922458675206738
488574741411807
240
688806
840
399758028
092377192992719997
9675099454
014305371
3979
299880304735175795
5508
71958315
3060854849096
1396760
2313243747
380105257
64996238683272483
91612
62661190
6722149320
25855529813569060280
945888268567375
066829451584
6314966235201268458
7765304555
740
2866
512137413893959
89402
94700967762550204
517867244430148
345187047512
0666315650493184
35151469383
70099796
61396829
857057247397694
3955615610819
68876157
2581648051
6101624049738
7431050
841507050959728
16638
802706344448211
78220758475241653180
9701005
722649513
64506280
344542968797289
2438874654595
25427259513271209656
1950928
76077149438
4492
97590
1596541050
508266622
62542412361055922
061692803444965
64869856537691932
341308349129565058
2166
9360
1996940882615426682
720144801
71075
143762145194571
10152516196987
76043
017351
62796478166785872
436651
0296714886461454390
1907956948754991811
8358482
43950
040
16788089337359214146
43341390362028
77442923096
1253
1409262
30651518301058557506
040
3909009
42973833758563
040
93101324766817
380709467864430625
57178111377012
826013
00042064774780041441
740
677631572905173
80279
7720367266424
121548740748848157
857432728
3254490165547945912
596180101525634
0673278014412625473
041852248763
093538
764560901
7953692148958905815
05808
1983467091233
660265701
774053
46101265447473040
332277
9125541034
1228699202035091315
4950075793288022
3752424430047185751
3033677913165169
04534039
28443426581353
453742844659088096
8047
66654364202667
99736967172417
5056806341406518937
4716535213190173
59490164730
297142522948018779
949850839682
615096993618776581
66093971219897581
2863266884111
2530538
67427334570546
2266
93238
92974649720957342
02691378744756605
540
188868458897
52637909
9130382211572
0147881318606242032
78015676124757980625
4029738552575270
3691420552325042409
0195899304488520
888444
5493765719870990748
4156703301
46286086
104558363020837542
22504202471260943
6271226115748520151
00671892
2925731340
0914860803216
08367334628970
67931508451448972135
640
78748524
640
940
840
917752800965572659
98006
9022201828585614128
387562572397354
440
88978074639033922353
549904615926876265
429273
465380498415
42910417923439148
41769313528
400519
15878377718125
182929353841493541
36915776
5696615
0988653594867
48737683264955478489
898129795698903365
6514208583401013
06059035324663
98145058356715
18869425559960082
310117
829133292803118
837965673612271079
3765196731
14812
465989
768528932
83145291137
14069185850841
340
30173571692865
371485891756
1907136315848228721
26153369082028650
26607417
1113941
140
07693475229909173655
89202
840
170463538811793
051541
8442849650811
590223476083843
1236530695307
93320008
4739245
7250822509369609
99365309092976
255734
18264
675594060048007
5557166599397712
643233557225
576320512707
182408182619430
98230031682
42459220
0141042020
8707960
4193852
7951816443728646094
21650261662312060
160326919392842
4392
7834
42587133688
391057374355615549
87273
18287681394197654094
140
66129090669
32336262442089500889
8286658052
22650588240885
28473492
79291548324727
4984304568370
95102857604
153716717
47343250245723987906
959636767023275
140
3241615790823
553266659
374993493887
99967258937661088
81692
879082169857402
987594773295
6968939573345553359
6281393343
060741129
8245533605702
4466840002
393853865105
311760419127
714876046058536
520308921233895770
540
079266112136
26819968406
34356222818557685
31939747
03430737374956
8647
332136715
2076415024131146
187772483088045
45776
58138465
340
034293694719354
2435176305
700650650902743
012383
540
8829136175
55069254604695523247
70362
38949319522363370
230973640
440
940
27917343988913113
81635764103565259
2118332
078091337769822
5583883042089
728420
32320
36065685843785921
69165
8667150203
7434
90237143342398920
235145452590174
702605
54903192010039348
3235641541397
67631359004054665431
3613485
9860
49457286991207717
67698956
073504
389900460
33333
57076494403287288058
6221
5149668
4115902616771940018
0890354
7433672017402019
035464146351375680
6609129615
9682772482819001329
28236025
32418325
8993705
5908
740
665884432294483
2064246
1813881740142
6534285
140
865275862
21166006711187060
3217761
11341915273854943730
74637065501
28419642613
0387030897458533421
3821558892046441
09193270
44921355883461
24029
36282523
35152227
558233
647522
357979
9973530315827135
140
713535
937082328973
03878744169021
0340
77669919007869
9028485248114726
1724030861247616
1752216
72532144306871256566
993194864
0421600557
15734414
11850920
0061958
8731985967077
4836090054575381
19996568816062255
540
698223
96736452526366501031
0617568
59957567
6739342209987357
34625608468132884853
00809387253
58724400061245
240
9089565796184
59168119825
451372997532796
41226863
099593034956182
840
893847013956652
544269978491087
72888
8728308696906655433
012542602439386
3252174189699258984
684194781111
96253551
536448739
3718923530832135063
436657829915
2178434262674368181
16838
499515123111958767
15925
2068402117657847548
042708569360
7934
653943348118711
71780905834669
2142270743
4892
240
90654993423
7091787430093
3516600531
785478605457
4347234375901309
9025683968101
039773466964
1013291745735779961
8803427
49486330567471703
783876807427286683
88257159915
033517554
1902480581427179
740
50728
6918672160014
0445126784611
1798765
872750973902246885
8796253760669112
602823435193153124
329758748
9394709391
06921
7357335116045351445
86491512368992969163
840
4901736228363738149
2310152819556601
3043422
275559827820186
5860676630559322565
72958242620979
618751864032
8258495515972
7586547660472836
08047
495543
89473365119790983515
135378
75235812516726366044
34217892419917248801
0759990930914
2813803
36644510415679
6961187593323
633902549850
111889
7341190949
0644235862267800872
3679
10937034839739446930
57935150438625668
43313452973427857211
3179
91468594775886348
916465581699214188
5107635895086702909
5808
5975682781959225679
0414243749
282628110551050
27833491963
34646
941954783680857
7334
8163372534393225
6386795047420
33833
621487478
73567103889
24034623540219274
7934
60536802183
750438929
46534392662
76054567341612212076
6540850
031707
694679077
92825
243416759170
9218118
76048939
1152698294831
10757969
74859474898679655
640
660857627
384557945
34201222
99775581
96801688918759329
777391510
835244162
6787041478
58035
3834234246038
820398882967616
1427707231
593036
840
3140202
240
66107433779265902
140
6542329393072
38426657
69817588
86167234125756
084685954230043
6423862135397833443
31460245226625620106
535186913184
037454492088
58635524
5308
8704624768615
32647369239129383
48030228
25942
537143162885893
5119598909791122188
35659
26198288
395147014785830938
46494239414121379
640
64595522556120439
96955742774485684
56601269
370326553378
58780423450480860
8619483850545803542
13496
040
555172111323343312
49086620
0080496635336348
800736333790850
9671962040945
507432
74457411433
950901404228
540
708266548
13105395704903837
857622972627
3629575353243951852
18064
3853994
7034
98627898083393746
029952714956653332
47660989897565
995244444
49458771
00740
335819
280420
033812234162
180746654710102
1352437
59537459049
723552
43588214076986078072
59948691217185794401
877880141818363
411070201174526587
035932948
501979968050214
59735966
965955190535908866
041867618498055956
370522
08779797855
783276953726796262
740
7134
8724198128072
1353
56182534448057091529
0372725737303
02866
50185334041328
7934
03179
85408935
940
5221861584290
7765066835939768
3182002663988525
3269875
7151927
0403146166592
440
8048815603497820
964556122687
8660352
8250277676868
9318195836269210
3130182
1706552803359179843
440
9624276238
79294073479534524
94087252376977
240
3479
33335131530399462548
64058196
382135904897
7720277
033908551937882095
068851290381
2936475740
21819494871359944569
859235208661394
23373685675458
4254116
836714732
01354237811715518
699105018461676
45108231
7352878
21341329
230455754399551117
917222482538
3783236715173
2717108972
145081570
375225920
608972314228449
14433315932
51120124314607985479
0140
940
7925030585285101
040
49402732792
5708
535578286
29675552494238484468
16689808694180665484
670613074
32932308303
319737
7682221195748656607
12566778697108182839
7834
57041246
05791480046051
4746550914692409
21241351080770944
0201109695871861
4508557472161
540
2488262480716
241995737
1512918100160193
591210
9275281
340
225148066395893
87712877
59305436
6561444518228130
186573747
75220290887368495726
83718604396016511
73455644705072
418204899951
9425937557062070807
4363078820
270503
1718438619097337
486504777
2130052795913145829
6804455779
540279235
1752029075183766
26751520434008453
2043696
1438903
550126
830572415345
86660
7634
876861844
70581641929202543790
65184140
327390984
6536114
1521364862277123
458014
4214005821685677
2717510648719824
462351471522717
463648485493225
3736966075625
67464662886355
417130
849739189485722
596426394429
0318524
140
4026550
88186
50323280717925526
50514341453
9847634590275002621
507183196089418606
1983916991194
4236464350
70700582661177447
6078313
20518080771922570
074094557191107
805276346481985
7996998535994943706
588684
9507695999682581854
62988609878434
0696565414466
09860
794683869876