2335
41942470952341
86343
24918971133
116912662703
9921307
6148735537
821785009993
9157
1358742812
29355
226020623
27811432853
8948043495501
070874
94683
21688306554653252
07677823990899082
785154
107475308037
0051697045310922
91438128491803371
3613
959846157
5473
989556682040916523
0255
17667719411
07
516136817697096
58165754876775
72952246283165
731
7822215138131
5821
8689828968393501
87393
875876
236627154
187698687186230264
8316179386119636772
65721715
31924022572
114285287534
6629952704
882
31621
81244891
232712271527
445526521
0692673685256412
793
66421465671853
659639873602175265
32344442827228257
914883486930361
3072
6372
31
6595282
9148239319235925062
9570591992
9557779640728796233
188776832714
53818051455
37664859094861
390512270064
7626
6116
509333
91778434646494382
30351
042162616655
910005514655
05635757809843
9486
6163
8469364946
9735325523
53469149682
8692298120713
238492
3689695123453983037
9111
592
01333941678764
7201
373986156805
25706051
046771386636
9763330161
12832363877
445518094819299117
1244602010588057
04756300726
9859799827244964
81462
876464292125308962
7271
8042
1484827440658172
179216
54
301591
785
400159183381
631442
712857846810982421
634
181126
259042958173386
54
0672953
972515
0077366634831
799107
40425924984289467
6113370675578546645
76289324
26136
900996
417
7032225974251546
548139222123728707
410134
75102268123726964
0492146720004319453
77
9566657526403719256
1174584734591783
05813
4168832151924
3081892726894893
553
38199291
85649212776727
113516124
42654268663776
90545394141
4335830581696932
256161
4038621575
93
7665
15
40523
54
07
88349843050648943
951943601965
6804137151115691954
7993536755
98764518331407
870201204435715502
862261
4086659638673138893
20873619878469136
1154
540816762492062
688607366
2881536
16590556278467795
423769163
7701096985965701146
31
093941695
085
6975
01808542365
8876752
73330525146564987
1409541
07901
3657838212
23
431226645
978577235495197206
32966843834686895
2804731137104641
357195778083654
77
776749894301
8741116
9056846336257141
31
435064476387234873
9175181675519776
0963290327924
841363251
8835590427
543704044585505583
7771982429189836797
868470686616
38500263887369576
0845836997881
576
7439376879792405
848601
429757304718110637
21355271
576
3029734
2831065257002661007
46
680511817701695936
51592995
3049808987453
5347701823
6886835
8753884938233747515
9880061384
013540985
4141
382360619121496
530406
4836193011688983
54
5493541
2717041847962238704
9968943
7158275845556
1792742
087393
3934
07
1941641
392422673
77
99218916
91840683
2545394154605
9857
3636
2915
206410084
07224
93480592025253
916
8675770464
2744174173
6445
5465
919304507
212862
62
120733233
165046
54
884272
84705794136239104
911004611444666523
1740639527877902
804
555385
7076783408341143
5070974501744961332
707882408128788292
5110925665418934
188087037792273406
7529977451
8645
7336
130824811028897
6825424
2209995567637
8877
2547396297018712167
4965462917
54
515904624004842314
7663865
77
3385
136128449058505
037952867968653
54
986
2714077
428461
770545
333325
15347
85760895
93536
956462037343
3607004671
125204487
43541
031
3913575599941114763
6868656072575
368519315844742681
2915
70651004242923891
53124773
04237582388272
93494
53594040219107
442454266534
038343066735626
843
609304966126516101
1204472
42435287766
5354196634154
91193708264643106
375
7642963501
441
651862067
34458182517847427
27557719601404
53299462
746953
11202713082
9620966
83203222423
044302408232
955
054552418323224607
40182809584245
3114
5021971415
4318854602842917
13100719376
917800604952
0045605
9333940107
7961565125242140942
963792401936083
974052474
32461498445
4725757435181022
941943597
9343
170371660172575761
230533157231476
7804712447542913857
514
67130163954360175
547627659014971
598375283
77
8411202559182
0425630718646444034
8602766443
86120256851955
492762245027
4616272552201
07151
908027191544921
179682400453
66040271851823224
557291369668854041
33747
36212
5072573486336092517
01725889594046
088195
2633
9865306628874005697
2118651537774
94506466
399329059493912
947
5786
0902679897358427604
65466269465697815
213123169729661
4209063
36525554215
804
762
8459804843521945
918344
844280528342
3307
758505
638484019500895
6194
846471762
895052573234797124
576051671087181126
192577064243
962917102614826
27599842889497
15033885634742
595574491213
93
2575
240214412
746
896285551
7223105
49986
3224035
01355
48800233
6272741378505
18814980853544
4252286528747071
7696773892059463252
36893
3528667539035793
593279178717514887
841091890148937
2993
51155060504
54
49303405171476175
9491025906
812903677
247
85
5246181915185936
77
1914919781
446106
5219504222454
5056459954107
1658892082
665655
991185938511
4495827782324565147
7493832225490229504
232301295614142
63276021015
2752875277865174
9201604631
60164
7567596358433106713
475937434
519289488903
7524339643
9632101
221229476883133
129683766923972
360756953558132
7114629942
721593660401804
5291173941763549261
5064266
236798773890276
46
00711425197897914
61256725
1477799746852695727
244357437026
927803
5071
53149641467
97717014321556
17171975
2533969672
203394920286105501
32774914
42054
33543883
2257581958361
025221034557
627600951612
89682
702808132
07963
89538863588115
2401
8902261475
0833750682684656
427314
68114683676
31
52759839022
653101
04345895160745211
068669515137040987
600983725904166
624298064
17244535292
87268935
1339777470863
84876521452463
39825
1155768277624679976
5897998878952
574706859983494
6042190308985
49241016058292485
952359900594
7451726
804923771
693166042
3620944086
201
179227397
650845
9159744811
145935
8117429031
77
333283
322981670362384645
756429746571305194
554832746882409204
555341068987
36185
1562544364201535
804
36711
840690487236451974
610264
390247
62144611748734952
5225821279024
060809765473867962
584688296096
71475
822911271
2505655667839567
24918433
156160482727416266
9664
2816189851973534
44447
947096
177049555811142
2906157
07
269804285
6001807
55305170314
9561664
152789902
2074485
5620039391726
21426551
0737173
271
6235705855359601
398014375
900409831437480552
1243972774733322
29539302772
6453221636
014441964
94570566
2924242435
07
00074961
369227534211
1933269157534
31
82232391
949019963002
528168427
417
33410641
4660237906351
336
080085107
84856628901694
274292221567301
8149883
980530615351354
799483
95303
04228812149353
62
0882884
07
01423371
6236621560138362762
161773499305
0944902
963
2964814533834
793962702223
874
39032395316122944
330033
539698862504
1053454379863571306
741263531318642954
7826462629637021
67631857378776
215112842121
2515001
4703569982001003
6442463070696
062811803138708081
36196845
55735
24721452851216
900547
64511003
903553363
143
41921
78749915889451
0866274
4979971649213572325
160988207440415201
1337734289453096411
4543
312372
68956012754233
5021673113
156994573634
96291873669796
99413
38729335444
98897943052
306531882885453
15
502811823367535222
015085810703
107579565
545136482412005
050908640625031234
440430532022700031
3662569957
754153397
745563
03568354651574
344
0709483038645086
6677534354
0920454775
5871019397417134
399134649063456
286992988250922
07
3562674155647066853
950153938764218402
27228899662
98018941207
771409544505397
93
71538139424
47136
1428194248263136503
0402893
56822993635
62
484967521828009536
046
3621
0602646422657
5406055
31
3540115527782233
2161700962794795
2985
4866596786358265
259520613
57131
04229909971059211
59253339567028344
5594313326704
1408710761218545
224
4178307297
540239114677056804
3644014298942
3190914879869334
9335
1673874568255471715
4092096
0785672985265174583
245388794
66789651
62
0280952308432
77
3693042704634624554
2804324964044
27388270806
8745995485143
8547541907744412992
6012
167940820624183
5389796442
0526597667
2898318875197253
0872567606
9164822929469392
892554792
26432323
463150777212185
0812187564
54
31
93
5970336811
8219837715
0851216995
21842052351435
8176661093
2714
99935
892297639290335
98925003500357
82504885
85
05094
5263652469933
716028733047
052598544485303864
2312768224191457112
60798314502
62280634177915632
6322118736827663
374818320350356065
576
530416919916612576
667099781574
182693292
555436234923763
66459087694697
6683937080211
913725907377110282
037591
02234645179242555
95496797301765285
3368947301
06193943564217
692337814
11841
89722679655
6439571753346881617
9520024949481644535
75306691878356
2354631
900549463782627
123280612949555
00112
672671
90121650121507
89323274161695596
521652084634733627
656084314821680144
12344746582685861
73945567829035
402
6062532651945
38176
76597683982444
407262405787117386
42851
11736
64504141187
683726689349999381
310936769243775
17884481
443402
844117781
9546355
70144402
52257
156705241
496361032725424231
626
21402
6649334257459335
9382289976397
23645006671733
8935
981250906212399784
32101927463
31978782146006573
5485948930293225
5033888795276
4710678004695905
603
8951398653
15
9833752838428553297
1234544
023
143751
6918065181
124974
64049793
760731482
37706913
94914862581496686
011686
338790743
1700646908074817
981986900643933966
696
681204135336293
294
54
07
464
0257441384
9191751492314363
6011679856
179739172
4311825651067
173366694
993560085681147
07
209023759973333
3451
79835384332
002671308872646654
71123
137331509690527002
27086430500710764
85
00966816
075024
5401477735
4826047716
46973662
53475548033
10607134
9061
27118043226726
67563117
3373115062816140041
0546914439355321
2883770592
596991743883423
76392045
32150766
65795057907663045
44570463798373864
5741050266894
368893600568176125
12813
01114473
42645084216
1897223590968711
3371473103
5308541163728231437
570326
66754508875
258883
13179185387
4783
04447827794346
0058882226927
4937046889307
32926123
112
23
46
277107000258682
301136077344
6268490629325063
0983632858284903
5963087
745456410014
005428548586
6578449124444
1101268645295
626555493750324276
36251200569262896
0633105480507284
1229303
938205
226332
132354177293183
4357
204346381436232
112
0742508514800732
1299827429284354
37936407043
429340693
6555434426006255536
70068680071
77870322
5318796858371591
0735143
388049198994886
10818322351
4797178616172
812
335251
440566
61590283800448956
37844758776
13155
5723393296
023329296227
093
4299075
337527126563
81352705523
054
8850411763626
93019738241849763
07
694752393
936744
0424724711270240765
2078519530297227842
362471793860193835
3111401
552974710352798812
494927538514
25276
25036
654995804
4455231905
5233
6530991
79548201965465
45252816456
057767281998973
9230061585747
826150973456112002
762241696174
324984501
5209767230761980186
07
6315626066203
5047028149755
31
422585798690278292
5905572590163911785
0641007831806775
7865035754
350256513996
8947803203213
0367
889385
538827
42824193
0182
7716977
132915261
2727164390514
4265233
6613143101
83368552256679632
61644766398503166
506600779373698181
07854675915373
76283
83677
59845
6185608052764
3904030120916159846
12716391760835055
94427730334874
538009622547
391
84576
387242740284793776
88415
8526340991
01253631956
4542118547374195792
4779247200072
7098785581893
93
86763269842875
6325
2607540358780241447
617314
204456
264091
2750688327734596
3152371
4517057333913
310347632704
1789914686713
450480037
46357
2517545
32528533617
391
89319623
5416647151
932
2686470800578585
4164569451044365965
85
70622435
571645840586
896352305921
7316516
62881196
915222
1262831727711647
673
461522902
37468776748356
756747744572854393
073234
166
843
2708911321
701877929948521
743880042
00141856189141705