369488
34
8243
3039575895813215509
6376876138960725
75
498862005861
0703
810
04110269273
964649703146540052
174091766803638
23749341419310
76152925
926859402703926713
122053928668927171
20267599866
279406
260992596197510
375675705194
53074
968
3113214
828
034
8161747
1035522554
48421
422
83
90779
00
505
13117369598
58446
72199
05169389888
90174632
104891416490693
7596171099029823
065230693197204339
661611
059
584959636849
314605104389100680
913791428544308
87551
10603
554
02052800994391619
3929107252
999215633234
85290864
52690047
365323542
18
8136157795466891835
642668570262041373
10660
547239616
48157986
5545565898668985982
804815
00
1932195974939669754
1018991443303120483
331895196763
4219697
505
678478974630508564
643304
3269462698076654961
0325655372927854820
949968334811
4469157274938350
1757921489
901
03190006
1893639482
5986925074582709889
3085016
8201
082743
67643013851574769
0588
195669
715888
59
73949188858468
4986
0306373
8962109348519
4233508
3727408803
8566690875291
5115254812548080086
086256030643
596
250628970397449742
1737146254183535
6348536035147
133384647557
17906095181
4641262268870
57412694
2684475516
256990
8741404527708789
448398895171112
02431765508
319333185712
24881788770233
95034
2158272837
508485430859942
42291
73823111355373
4164656490865774
59
4693096661165094
637190715655
6354816429639204
0368282
5400825
67
69341089
9033058263455727
55690343184760
512855
638937768200859707
72899738883204
67
51355741
2830951748882635452
405997705053005
45328
3206170452
203646540349832845
85517712676
157711040241866858
73496200
734911522
5988019
181428708851
66274517455306616
229976626486
15926786447405443
14399
47206065
0616241238
20053013
5940554918777671
729822
42
813469
8844503964
329049636940
472753
418147952203848031
622279574307781640
998997
399382131053069
072784852120
494639316293
11894757746
31899872539513
0299365350993595
65615189
2683373
643510666436352627
9835915084
4043966201133710
33030644
562
97512479
077239812
76329549
39990
232553
2470138877834452
5045463
2538763737
334786213481
7171924311016266393
6487078
96374746015902
44169522
78383958727293922
75476118072
06191341681
9529725633
2317777338
0141
63691056186
9626938
33830754489699
379239289561123506
9648635
62841002
20635695266407715
4692971817333
484543
974879484802
847137
611202
1993153814
6269138429719033
323598391655898150
46431011
485128450553733
88251761727724534
266460037961005
045864141408829
142293625205115694
0061401329
79347571526756
4281793513414120
244558
5142526
67
70496293492
884840059976167
393601121758
084858403904
40196079443682863
89573042
28761071700021323
4012716794335
98451817040217783
93891125
899822282
56832723080643
85134568844240
14493557312544
83611446140537392
33848515020
3243651808765037
529791425190150
53656573258766
4382
2912925563
19545047326
05904750018639548
45824917148876
3272869112615608317
02074003666368270
042259127
63069439
026
210177457101627325
49873688422222
9381
358531508572
63955982630
15900904029079359
66622899729061501
38995650
836
4328943635760992
8702326
174912446309326770
885112779834
19895319163855
117486226741
3782785153912088
0463
241547
2993816359404
00
9863759842
62810622226943877
64309794839645
5170642614
968
1850866537224084
53402261734408
9389593379226257
4132260367
42
5379485849
417451895
4426391421501207
35728902078125
98673
00
3182256413336795
3588445537500
794
833231103
2596287660815555
75
6610869
262897588357469
732162468692046700
6154346719
711336032
8706
95383915
356
13433
0917807167545914274
68262355460895
83
2055230292
346226525
655594037280252
996812050213847496
4002
071579917120465551
041768482
891424
1028661
14247431
810709212
0087114
91
27016731652252987
6684
827722407613415751
7825256352
43166141131861306
5299747930971565139
4537949014359666213
64685746770068993
7183757641262075
323277065435281824
4296844
1798184063
86841640
27866003
879401842
5963541
372
4165069372805562
34
666576095
72506908961415512
206938
5117130685701
05397102184534661
9785356198
575494661
67
731817151
67
665130770186675
734822
1042217
85554712558001047
174
930008
91868
4259
34199
4791901
48920384073547543
192641
381068782
469057379908
9696
041594193137208
401941257
2642
353407257594
55727996898
252759
7476
67
5656881964665994609
5335408984
080085
4560485317198197
81078644334375856
686132816923129072
41028923956264
224
7600125680231
4534313053
667654432893
2453264933994
114782907
67
47655184099568
35213073881077164
59
99640101306653324
9654
952816744791878423
0190
6098
927
67920540921607
08638991
7039563235754
503092528322083
6838123463455902
8689522574
9275910385293593334
29178246586417
6601
42986
8379081519
034
56910155599767
6521520
661
930008
182
4184067165
9460825
26293770341619
4291
5375294540149848435
12770634149077801
5281674948594536522
4424531239103040408
083
174
48723430194357426
059
492834750027
612094057259668
287916844684
1998889
68442513125601521
3198716892113512
6145247457515
6338080546254646972
191460
531996
13815665108029
2861585879993339
270312002
34
303460430766569321
34
32246679530726
69191146
2408556867906732
67
125
2889871
8022548540760787
668650848157
675079800
6095059510465
437137005846823069
42
3390636884369205993
32177
7783038
7773
00945501
25429
455641309786680
6152169956649
078163931629675617
522149874392685
063074567197
258918788
443355185
00
530410
091
218243624
4213561330338
482842544121850
9510561
31062
4168988152036097
183212065803991
900556172281252839
14502900
9842766947531822411
184725043221613
67
74955
5672393809802
299
7266333462
1744536368907
74428889
1823780
54164303043169
6825280534088539302
125
336861592291
72405
7414614383
814932708681491978
02501
75
24711
66392203550076829
818296899
349
5564570
1685
43587704265025971
53616005297464376
5447
865996334
7281366877
687
4267
67
4455796
70615
7492
70220148889
539677757
8800199198695343
8952368
232728
4755995067
071563979165587
62134465
53959
01529
621247351534900
89912
589259
666781260501614
11372547
721721744
5820163169
75
1990225
3555556383138106941
17585501102761982
806011396652
695
75
13133265998007241
55731
00
94439000439999
554
231609496644948
15594
2114179723420247
58967760384454
487181
599357
984112
1626012965
970011487008602
15917
056986
0461972384903512834
216
719999437857191
3864415220238143340
663083228
956506894556881355
2237280153859474
2691022690885474
744342
91
284769465287
52981970297
20294331560716971
90753
724530423
400840467256017
97610027438948029
12630423932
1776472410566
95273
463
4580
4444113992594
1290525694747
74160216887648122
6903276221420
50506686831198635
91
288320181758651659
2056438959135014
1510597626
8737595
539818666
4427913231904177357
65144
93196371192994964
54353879495263
13463930
443740885274
18
9068
008284
499079
703867275
367238128
00775650
06348080
83
8000047914507862687
851
06792734813
07946088112633
2704455670
333265577
03767149931814869
4503504
0984
2168388781175818
42
4592846876513813223
40766
69259899524484514
323
455840025
69714636268
930939470934
12748712010
17015357139146352
29055939132165293
2299386717391246
7126009757
8970113
59972464966
50779941
95287116
5801
249372609685198609
3362375370630055148
9191
9461249367635113
2391886617560646367
61489462646040794
398
530774
83
26
958679598006744413
69038297326
425546
881154595
91004932066
6155
17095
527164054522
614439871991654602
448
581288540379
0987691342
34891473
29734356489956308
3715629529330156927
70819131
8036535
49205
0798753002160
70432943
315
26
241345024
250240326924114
7955
214233986495132
6029393122927
992801371858668027
422
641314933996
28547941063990
5845888
6254
323
4211588108661
03218877643663
59915
9415
84759603686650
1154095
3616855057580281232
74614587
30981
643157356608
1982911909
4601388582364
749578554289087561
4708871
65453899745
538084914
67498906311
064803281892901
75
6320
57120016555
5024724
741732175699
42
34212016512122
0219881134336604498
155680606
47665906846006703
67
81960635795
00112667787709204
382309
88382705296021139
1244757446136
0640051892
9067353386873
565846
734203139361140739
1746720700365
594125248463077732
646
42
73204618018
26
155014947
8356065
94329869
463646
59
12732301
5156894300231922
281
42
9762634
3760501028095686
76339495858103
49218942595647
110348212371
745
8637852
00
4281462376304
71656763
43539637105111
9749125464631277655
6063903
310025226
1855119639319374145
4105262332482
8743748134049047
4688994496030
9670498
99772402
564633
231309587926995
4036992
802
733167738
43356984198791
927
858335557206086
6101506738
138995603705997829
334248628673388
381785685085305
49783753640
432343049743154252
5093455
55091752990512279
2088367
273
909171423
5937364850973305382
0321573172
402388
0679435446
28220293147
2029239
212479679
216
307372874105540
18
6361
547
770032
45758136233953562
436627437825247
0155143471271727
182
564619918753
654915998700411310
5714183595600941
219545155397101791
2087841891064171564
9982703
477123496829437
59477
59
553270021230891
072595
405233106963
9357
6709515827685049
342589917638
948300587
70190281133959188
7277587963149457506
6912857444259783722
655071252796
164917328902
151859337
28801278968523948
026
87441136773431
952749882314
5884424
962795
26
95011566247
0200120027553213160
381210
43474207695350
34302260739214
517865812
868783321625859
3329189298
79079
4529730423849
7443
10171111635
2610140173439386871
43772535639
144533957
6470450203
0899903116
965624
42
8025230288
3431801772
336575527016381654
69364685208111867
232
841045313
7955
90546175747
4746954
57570
353184500
577435811
9987617538
9530
132788028818954
881227375
294099742
828241018
547
1068655261630
363461589139
388938789
12585576
1883461
725036115
233080
441373942846096
62064512494510941
00
8765968
9670
4555493987638493248
735795
8819750130185138718
067151116075707
323108565055304462
49981066381306
09230038
2659
4124818505416488504
2295104370261
90056164365902251
4986
192660819
81855395796708
55749
6792071
79244
7122523919265182406
910625383
2587945007908559005
0285898899650
90423
67
0827146472192
05330250516487
9734485996782633166
020578
9921347
4716627984773
70781986409555
46944120
621201
0419804042029462
9522
210719894
9216158025851
48373401654418
83
885
4166128233
36616
06830653223
598847
8789
12344
794
196478010
95398
65480760238801659
1846857471995176338
102260858
2252591
282863
1187962467
4630
0688589878
858365116881574
283200097535505164
40423213830
278732257522193955
28657070
1631613
581956851
08864501907423
802461723
713701
968607481050968764
32540603241
075341
74633199
1254376961059248
4556
106914
235690586400896473
4564977
4695539041
81396562940035
037815539252265628
173526
547439893116
43885
3593989229332466
211190988
31054
00
4523
759061769724621
7346818011
6145502
5074026
562
6983636022817
521
869944728
963967908847368911
54855411069
943
2483471690024489
13075870908420
62628774820
406
108575991311
9332
16995906449
922641
547
197304170271
03459379882405341
160836881824168442
75861
465680072
563953527253782078
624098
771824
1073
5409486437
05370085
570
399605538624
715962619
67658779176733593
2816
766546052049259250
75
1930145074660784
0349
953076476233
4607035026028
45460006591
52892825
59
448985
78551453050741073
72351137412689774
3889
1714540812490571
1704892374443654047
25613758396163
906420
90095198744295
79103
18
5999032