233
4194247095234
8634
2491897113
11691266270
992130
614873553
82178500999
915
135874281
2935
22602062
2781143285
894804349550
07087
9468
2168830655465325
0767782399089908
78515
10747530803
005169704531092
9143812849180337
361
95984615
547
98955668204091652
025
1766771941
0
51613681769709
5816575487677
7295224628316
73
782221513813
582
868982896839350
8739
87587
23662715
18769868718623026
831617938611963677
6572171
3192402257
11428528753
662995270
88
3162
8124489
23271227152
44552652
069267368525641
79
6642146567185
65963987360217526
3234444282722825
91488348693036
307
637
3
659528
914823931923592506
957059199
955777964072879623
18877683271
5381805145
3766485909486
39051227006
762
611
50933
9177843464649438
3035
04216261665
91000551465
0563575780984
948
616
846936494
973532552
5346914968
869229812071
23849
368969512345398303
911
59
0133394167876
720
37398615680
2570605
04677138663
976333016
1283236387
44551809481929911
124460201058805
0475630072
985979982724496
8146
87646429212530896
727
804
148482744065817
17921
5
30159
78
40015918338
63144
71285784681098242
63
18112
25904295817338
5
067295
97251
007736663483
79910
4042592498428946
611337067557854664
7628932
2613
90099
41
703222597425154
54813922212372870
41013
7510226812372696
049214672000431945
7
956665752640371925
117458473459178
0581
416883215192
308189272689489
55
3819929
8564921277672
11351612
4265426866377
9054539414
433583058169693
25616
403862157
9
766
1
4052
5
0
8834984305064894
95194360196
680413715111569195
799353675
9876451833140
87020120443571550
86226
408665963867313889
2087361987846913
115
54081676249206
68860736
288153
1659055627846779
42376916
770109698596570114
3
09394169
08
697
0180854236
887675
7333052514656498
140954
0790
365783821
2
43122664
97857723549519720
3296684383468689
280473113710464
35719577808365
7
77674989430
874111
905684633625714
3
43506447638723487
917518167551977
096329032792
84136325
883559042
54370404458550558
777198242918983679
86847068661
3850026388736957
084583699788
57
743937687979240
84860
42975730471811063
2135527
57
302973
283106525700266100
4
68051181770169593
5159299
304980898745
534770182
688683
875388493823374751
988006138
01354098
414
38236061912149
53040
483619301168898
5
549354
271704184796223870
996894
715827584555
179274
08739
393
0
194164
39242267
7
9921891
9184068
254539415460
985
363
291
20641008
0722
9348059202525
91
867577046
274417417
644
546
91930450
21286
6
12073323
16504
5
88427
8470579413623910
91100461144466652
174063952787790
80
55538
707678340834114
507097450174496133
70788240812878829
511092566541893
18808703779227340
752997745
864
733
13082481102889
682542
220999556763
887
254739629701871216
496546291
5
51590462400484231
766386
7
338
13612844905850
03795286796865
5
98
271407
42846
77054
33332
1534
8576089
9353
95646203734
360700467
12520448
4354
03
391357559994111476
686865607257
36851931584474268
291
7065100424292389
5312477
0423758238827
9349
5359404021910
44245426653
03834306673562
84
60930496612651610
120447
4243528776
535419663415
9119370826464310
37
764296350
44
65186206
3445818251784742
2755771960140
5329946
74695
1120271308
962096
8320322242
04430240823
95
05455241832322460
4018280958424
311
502197141
431885460284291
1310071937
91780060495
004560
933394010
796156512524214094
96379240193608
97405247
3246149844
472575743518102
94194359
934
17037166017257576
23053315723147
780471244754291385
51
6713016395436017
54762765901497
59837528
7
841120255918
042563071864644403
860276644
8612025685195
49276224502
461627255220
0715
90802719154492
17968240045
6604027185182322
55729136966885404
3374
3621
507257348633609251
0172588959404
08819
263
986530662887400569
211865153777
9450646
39932905949391
94
578
090267989735842760
6546626946569781
21312316972966
420906
3652555421
80
76
845980484352194
91834
84428052834
330
75850
63848401950089
619
84647176
89505257323479712
57605167108718112
19257706424
96291710261482
2759984288949
1503388563474
59557449121
9
257
24021441
74
89628555
722310
4998
322403
0135
4880023
627274137850
1881498085354
425228652874707
769677389205946325
3689
352866753903579
59327917871751488
84109189014893
299
5115506050
5
4930340517147617
949102590
81290367
24
8
524618191518593
7
191491978
44610
521950422245
505645995410
165889208
66565
99118593851
449582778232456514
749383222549022950
23230129561414
6327602101
275287527786517
920160463
6016
756759635843310671
47593743
51928948890
752433964
963210
22122947688313
12968376692397
36075695355813
711462994
72159366040180
529117394176354926
506426
23679877389027
4
0071142519789791
6125672
147779974685269572
24435743702
92780
507
5314964146
9771701432155
1717197
253396967
20339492028610550
3277491
4205
3354388
225758195836
02522103455
62760095161
8968
70280813
0796
8953886358811
240
890226147
083375068268465
42731
6811468367
3
5275983902
65310
0434589516074521
06866951513704098
60098372590416
62429806
1724453529
8726893
133977747086
8487652145246
3982
115576827762467997
589799887895
57470685998349
604219030898
4924101605829248
95235990059
745172
80492377
69316604
362094408
20
17922739
65084
915974481
14593
811742903
7
33328
32298167036238464
75642974657130519
55483274688240920
55534106898
3618
156254436420153
80
3671
84069048723645197
61026
39024
6214461174873495
522582127902
06080976547386796
58468829609
7147
82291127
250565566783956
2491843
15616048272741626
966
281618985197353
4444
94709
17704955581114
290615
0
26980428
600180
5530517031
956166
15278990
207448
562003939172
2142655
073717
27
623570585535960
39801437
90040983143748055
124397277473332
2953930277
645322163
01444196
9457056
292424243
0
0007496
36922753421
193326915753
3
8223239
94901996300
52816842
41
3341064
466023790635
33
08008510
8485662890169
27429222156730
814988
98053061535135
79948
9530
0422881214935
6
088288
0
0142337
623662156013836276
16177349930
094490
96
296481453383
79396270222
87
3903239531612294
33003
53969886250
105345437986357130
74126353131864295
782646262963702
6763185737877
21511284212
251500
470356998200100
644246307069
06281180313870808
3619684
5573
2472145285121
90054
6451100
90355336
14
4192
7874991588945
086627
497997164921357232
16098820744041520
133773428945309641
454
31237
6895601275423
502167311
15699457363
9629187366979
9941
3872933544
9889794305
30653188288545
1
50281182336753522
01508581070
10757956
54513648241200
05090864062503123
44043053202270003
366256995
75415339
74556
0356835465157
34
070948303864508
667753435
092045477
587101939741713
39913464906345
28699298825092
0
356267415564706685
95015393876421840
2722889966
9801894120
77140954450539
9
7153813942
4713
142819424826313650
040289
5682299363
6
48496752182800953
04
362
060264642265
540605
3
354011552778223
216170096279479
298
486659678635826
25952061
5713
0422990997105921
5925333956702834
559431332670
140871076121854
22
417830729
54023911467705680
364401429894
319091487986933
933
167387456825547171
409209
078567298526517458
24538879
6678965
6
028095230843
7
369304270463462455
280432496404
2738827080
874599548514
854754190774441299
601
16794082062418
538979644
052659766
289831887519725
087256760
916482292946939
89255479
2643232
46315077721218
081218756
5
3
9
597033681
821983771
085121699
2184205235143
817666109
271
9993
89229763929033
9892500350035
8250488
8
0509
526365246993
71602873304
05259854448530386
231276822419145711
6079831450
6228063417791563
632211873682766
37481832035035606
57
53041691991661257
66709978157
18269329
55543623492376
6645908769469
668393708021
91372590737711028
03759
0223464517924255
9549679730176528
336894730
0619394356421
69233781
1184
8972267965
643957175334688161
952002494948164453
7530669187835
235463
90054946378262
12328061294955
0011
67267
9012165012150
8932327416169559
52165208463473362
65608431482168014
1234474658268586
7394556782903
40
606253265194
3817
7659768398244
40726240578711738
4285
1173
6450414118
68372668934999938
31093676924377
1788448
44340
84411778
954635
7014440
5225
15670524
49636103272542423
62
2140
664933425745933
938228997639
2364500667173
893
98125090621239978
3210192746
3197878214600657
548594893029322
503388879527
471067800469590
60
895139865
1
983375283842855329
123454
02
14375
691806518
12497
6404979
76073148
3770691
9491486258149668
01168
33879074
170064690807481
98198690064393396
69
68120413533629
29
5
0
46
025744138
919175149231436
601167985
17973917
431182565106
17336669
99356008568114
0
20902375997333
345
7983538433
00267130887264665
7112
13733150969052700
2708643050071076
8
0096681
07502
540147773
482604771
4697366
5347554803
1060713
906
2711804322672
6756311
337311506281614004
054691443935532
288377059
59699174388342
7639204
3215076
6579505790766304
4457046379837386
574105026689
36889360056817612
1281
0111447
4264508421
189722359096871
337147310
530854116372823143
57032
6675450887
25888
1317918538
478
0444782779434
005888222692
493704688930
3292612
11
2
4
27710700025868
30113607734
626849062932506
098363285828490
596308
74545641001
00542854858
657844912444
110126864529
62655549375032427
3625120056926289
063310548050728
122930
93820
22633
13235417729318
435
20434638143623
11
074250851480073
129982742928435
3793640704
42934069
655543442600625553
7006868007
7787032
531879685837159
073514
38804919899488
1081832235
479717861617
81
33525
44056
6159028380044895
3784475877
1315
572339329
02332929622
09
429907
33752712656
8135270552
05
885041176362
9301973824184976
0
69475239
93674
042472471127024076
207851953029722784
36247179386019383
311140
55297471035279881
49492753851
2527
2503
65499580
445523190
523
653099
7954820196546
4525281645
05776728199897
923006158574
82615097345611200
76224169617
32498450
520976723076198018
0
631562606620
504702814975
3
42258579869027829
590557259016391178
064100783180677
786503575
35025651399
894780320321
036
88938
53882
4282419
018
771697
13291526
272716439051
426523
661314310
8336855225667963
6164476639850316
50660077937369818
0785467591537
7628
8367
5984
618560805276
390403012091615984
1271639176083505
9442773033487
53800962254
39
8457
38724274028479377
8841
852634099
0125363195
454211854737419579
477924720007
709878558189
9
8676326984287
632
260754035878024144
61731
20445
26409
275068832773459
315237
451705733391
31034763270
178991468671
45048003
4635
251754
3252853361
39
8931962
541664715
93
268647080057858
416456945104436596
8
7062243
57164584058
89635230592
731651
6288119
91522
126283172771164
67
46152290
3746877674835
75674774457285439
07323
16
84
270891132
70187792994852
74388004
0014185618914170
