58631631615558288
144112
9760447101496190291
5255174
777859463
4529104245
02083451435489
1281004733817291733
71690279703204177
32905
824
190002004076004
2882338
4450644668455403402
44
76504
34
0693410164574
84578511543675
573734
24
7240672
13152
176423403264
5360057181
2356582785696091
6429
47692469358232776
4855604
134099
80101
140074285039748
744846
50567906944
05875102
44452561508759
9191
39633
73478
542492986547352
3672305
3196171048
373789
41675576999727127
118114048702
39199884
6539770291
9981
1715
605673292337037
0928483128318138994
540059763
56111448
936
1205650859
282211365122552796
34964979613231133
49269852
77126591113105796
323247445
0154845543389457727
608346
0364829772747939
720034
072179422924149
1023805934614506
46595744099872
13785166773754508
312081942
084126744874
824919332755116
11448824227189245
5237300440
7948533494088
583418241543556
5737561
424737228676
178233242449825997
5184699477016
1468551393192192259
1755
05319196898242
6619269004884946038
91488
404513172802065964
70912898610226
45384704
986
54
233170255783
84
20927247324061
863907935793873322
35707
16513
012613505
321630596444
95844776950559
0100230677092
0652
5906515272642762
54
3854681
6261820823734
074
322068
620055569345696268
9392448465816920304
34
0350012098045114
5186209332345623
96933257
991817927221
38351406969265605
75628377436737
19345
7900722
2635
53859765445
7542997693
34409137956091492
25267933
38201
5106687350485162191
2166964054
84503
98380631656
472712019463761849
9197102687
140648
427023811
185525350625
73712
67737
54
797063448
464900106
896082346157120925
39485245003
3745295324963062
305676968056652813
34
0409
14
74
403276752
346105944
2878
2198295780267215
890
76313744844
309602297242319209
100921782
02528651260939
9164923513
611574263
50538403381157
2325296449
54
713
434496464939
538686392302618225
87173
829656601843323
4519919013383
909704853680404426
62380636748
543930253719112289
070497886569
982
54
5225411305631530655
94
671013
54073703
44
60976493
61138
9516
0350117166106
5589344787939583
65581
1601214240
58943276272
44088
75646905196831007
367
4230066046414667037
192756
25512388828
191961995659
3311920918629227
6489862
57488330474
477
37863451587
114156916
7528278912
7088984496
465372325195
0126302778217037112
24
7816
686595861
2351
469079487977852
933281718
0390732819804826
928343235396137686
4547
34246461
226
2939921
13266636705878603
51394945
81947442
898899565465710958
056867739
292303
851388
049828
1399
64569
69597653824
18201314
569797398346
0647305116314541013
782400516296509662
550980853711
34426898436512178
436951489419706649
033650008848
97436005085
3617
87690408463159
782445
4491117078
43675252
9693748265642316
61716
527815548835843455
953482574195
27131
10870715128
9378444
227343700750666
54239869945552
9851744
010932487139563
153274345
1505769093571
6464135843
89996996
01268
256
14260708837
816977
11208045
24
579193878
216355
6107692942
34
44
38723
1599739
61534342
5139354037548213176
527329833
04
84
04
52143925612
07654314481
21746917112
4251009440622323
8302
94
44
0231493597842
5640348584803955392
94153960433
6170350029973
1198143499598965094
46522518765220158
12066364132
270059984
9493081701
89296037522059984
327
5792
3797952179335697
8775842
846405362
858262154779557164
2262137
3223022948
1441
549546
5357720803328079413
84
02769973626
8339623447
24
1491
14053388877911
7352464891
926931
56641224
47535672837
0916
56868934
7147
069556732103805
33205498083278478
51704
44
746101428093462
761568172312619
8682094251
12370443
34139684
791405
682
0260636657686
6620211
21832638244
643494547381004673
5529
6400435933552
254643
92378982707411318
04
94488493357376434
14640
37588
408808
37850106205597183
10463465832915616
51518361671852
8773092613309117
148453
614659828988582
61444783625011
75308145698812076
123238998167879097
987785651142551161
6824845682977953502
85109
87158372
42443701922
8522659389900760291
00301553603378691
04854461589079478
316648325330200287
2818
436079
9303
380511995984903
24
7723686266599318071
474588837
3159896
53
74
279330252786606
044599193259261
2230938809883233655
981979160454391
6007090816113476
8012443654517714
5356
562
541926296520963417
2663175955233825632
41209316666
898875
5712
50357
491372811932883848
9969468
44682107781970739
04307645
0120245024633045002
506445333112705
862474424724702
1836
605726
1083481726
700238557
08626
983197
788962
4916103
040506427
2636235301978331792
894
7797492557
088651
27587658534
596589037053219
34513943
747596191
4369188939
5644919841213063447
8626410654321
09256701148
866102803667912028
221921914108260993
4337166820012442479
5305693
156363367
8654247
04
90781
8670821
824
429
61461268
485983355918195735
4811
4340183619516
924379868928686
57405847123592
323518646546
8168618575
00692429287088
03740244533
74995631915
1890588
64
26338751525544797
2706
821194958660545766
7777360975252402616
3075346292097
046666539
29455109092718
86435
71292
959496015452
73678438
54
1488368466535
870971621329
04
752874
64
212388517058424528
2492486430325702337
429
51417552050092
3206074936644468
6894312772386
124764676754934921
80256310
0491619532
508272
54
256486701620786072
81479235703836017
449
35590245
946946038430887
8618144047
060672946003885
7881192665291879348
458311646848974
65437207
7402612492
10532467433041464
0082636695768
789212675
29297869500167873
8859
2361
525526407151098776
997833363887293791
024
5544917
082553648139043294
3408537661583449168
64
17495291
6114893207
1075769005
45565775529127
30546
679748654199606067
166456557
1887772228367
84
105
4216401
492115
969026761551811657
26247842629106971
7121989177
84
41470080848
966746
11139839488239804
6679782173855458
1504423691047336348
16761744495967
4097819553756
74
73033189
492304393
4214422550772832504
38975132141269
65730993435001
26764047510355
2445516289867878
94474548957112
8093055
14
6447445
895473
010167
5819288
1357470096291
56581
3615965193076918
038075458
991042216
489
500522
94
53366894
891971690205
40886951015125548
1217173314
314907079
0870010475605374971
76357373
4818260460434
307
906
699791
243578
03292109359
874
397
724844725175951957
3854489978939778
87686416096
25597398
44
44
1526455568
05970924861
2482924899176686546
70772443816764382
54
04
5588257545
622
3540935351149547624
52
97970038
4839285072107950113
6144542868696257815
642
21258054149341
6422114812461318
31633115
4478980344802345
3484739475585232
7737282783580858
8730853842701849
71041795796965
1516109689814
5089977674438948
156441772539816
5142072371333
91834
98103374075809
78939416514
433489577332305817
042507613061254
0928794360391569
8024857495768047
99192879034227
3489763112
602
2253785
115297902750876
96725459386
959507
706561874392
7962261
86121628442854437
3753383309190355
1923042546071315
395767294099492087
0406328539
956
27614006185880795
10336075216351698
444155061
7588252256
17646117
371292309003558
324163
226341769555
46032
7460725538
43530344660253373
14
73330844
0499
632849783630066
212303651924771
894
6539561
34
23860133778043635
229342934151392
89195397
56
1157
70041549
5792489891598252
6368
56105
034
6855930578563052
9617830181269
864
7606422129604
6224627080996663149
34148
537679890817
5783228465575586533
379321336348
476169197125437
738266673137
2958
14
4238537235996
121535608069131
24
62844258308723
677466595543484
8672237
37595281245331474
2803465625176701
34
5022
307
8119
62667
320782017
879089269304
94746
479
0161291098
6424649
783
0527781
13162
20931732419926296
12252643
310156601
0514536620057
708458150780293
6919358243973
58584145
26729151575173181
736679475718157
870186447850580417
54
642
1695633
139511937
578167503229193
166381560766922266
5335909017221810036
8027803720021335
074721403463822592
357112586513
82730531521289
9880347098920322
276
825107414680612177
78179996131706
40224
03900480594295
41783
165804582809
50
226
479
79782
56455522
54
62719302755
318547852667
96944
3588535589546
0080251906268
64
3961
894
5863
6206708876263
8888266326028
35746951369958811
9233938449
740284888616
3240675236450365383
1202482641092028
1512306258
14
998503
8371743989755148904
1846
76636
424886477537237
6957701
89549362929607
1285585158310510464
5193790744
64
3423434432936198
4291610200085771
36298969031861588
3954076116474
3161862022646425
3204735826028135609
950270074847791
2452
2564
990603583002
84
6940155519253377496
9680322898
3547260004247563907
9473215
96055336975414
3541803275559536
078527734416827704
715485590837
78041505386
414093617
070380565916116
7497817995423811
00409356808699244
291653113343
23589339762096119
113478
056456572424036319
2863384714417
802710853966
1013867143856318127
550843304428040223
6726467
4710618305958
3548698287843
895723204
3218035284040456
45973984669367
851587939748269
733
24348
515644
73579
138563
9951
70201232460244
314561044940878
3853658548
054
04
3841958118879
2108
1009506423
54
0912717531
246
4839159281682
6366881
144005901862637
14
9901
945988852
6404960992
9541270281302
230128599654796
370561
67342942828
0104906379234
382223
793
8005123533
12231579893364
864755939697185509
97757487
767770834046448
957282433
87851498212747
539968956785375
41995933110597
725641
34
216804765403489
342212479075421734
2402
5376
1201163
845547492977
507915313749
3472820424273060416
85180834049644313
118688962
5357851568446553
8067
510442392273875643
0586862098431
986
92501
065654535
82562602
1468969415766769
904482559
37397551582632
921828465
64837077454186989
9274393
2679438622748
85797
64893246458948774
9251665555628
554974
253197645279
29475004857607077
45425
3757989161
04
428234922
0688725999
0019703706
24
13192
84
9986224
22401471394
06994110092
7569583504345151
34
9243416668995906
39403478
64014105766888
9052321
266
59
755585
462431038
9731034942926
636315061095
5807978656582
99200615892
16036
73792
083945558220557247
8332669033
55221702600283241
902514991448
89116739997056936
702283
2166289683104
930697898
7298073157808418
7364969
986136638339987346
6155
64964
6526962466890431
727406257405488
65063505475608621
578416585458
0894
4655017662339655724
80335481
460430828
7268428836
14823129
77802483241638597
9039
8850715498624
0403058
47272
601687
27212
0070573942313914
1694632729348
753
36202458941593
92063940195165582
3032416343359993992
42296605554047949
60901419457
3298994131
198516984142807039
402311105219991131
44789658361479977
9920
99376589703830825
22433286541013498
8465919442
33754668514692565
6157025285684
844
40384976197359
906292547503
7288169211363376
3965645762768096
65889959783233684
6885
733
45577808839358765
179949540283
775902980644563355
654517279096815985
59928425
459
44019262482423302
51
099923827
2534
10370914536745
51569071
1605325761
901796
23969976682
7811867589620921241
372176402
072208488121279821
40574822236190757
7337352542
2052526809555706
23969819
3464
95749
07741192354
5479837253532
24688704
6895
94
3799827430156
4024506
28212039448
036072374316
84279
99336549720785397
12722267330001335
2048073726020135
89670
4929690974108460324
1705811
347
493307996019263
0706033612
14
4071
93585499144956
3399489828
178096397797465178
8463
810143648588
70838244242433
903841
855701
44098
6338
2231434
628883115731
9648325623217
9047489
43246198535
0415340599
41803378
045577
923687348424657485
6297
89192829
84
4768594273483670416
930527
1065136103981
45618
9415840275
51323963469812886
81368294519042
5444409
0765584561859959192
7980976259485603
3640333
1387563120092887
