16069339
0942163089
60278429612983925
44
2885
8380714089677751
4159686
1802270740511172
9438448330693
17078856164531
2818795628
279402213881
4382653491006188741
423509635763875
331072098343541
2512050122
40340246880
30961140
262218347237150576
950663
496704758194417066
6496876
239660588750475815
162008141838536
118
17349978
552329605475009037
48079
28585
58050
564
7772084855525
88017931858751260546
7541
3216638071822742
4202850039
091957599
047750358751
68016643
446272
41401635688130960516
8397564533873214760
581578623802788398
0341880667
171897687
8497570687
0845560876
83195029592287717010
1187715325139185
8146435975
159219162090417696
23291746
140242327
4188
874538
4064498903918672395
7212941363572552632
118
9142457105133
46346520744038925
793414344576386
061839
64335250197925
652447
4314
53009022
7878795
0714318
7318
0348762777878025
91983985
93050653674916691681
51359
23400638
61104977202751
532047562
0404218862528257339
161232225836280481
704286440732348024
1533
787
920778930873
25322
382233716046429
03632479852
6428602332021
850
9219867883833861735
0934534
10076948199917
118
866004296024013
73037670428
6158484799
8569202898
3047887284
037231754326919
18149
99563204493
2794617621512591099
96093
28755826353475600166
860830008263
2364568723668924586
71772390761453907963
59480118496
1693
278
27570341
53389718397
541210
7189916379744243
850
4879152
952669290626
04760
2708991821216216523
4273980
4821729
5708780425568399
78009350089223
3461902902780067
0582906555646715
73336
787
9156970
132435380488761
597839
0294275740968085
308260083480491318
6967491017235949
88160278
99732
79950363077661964
3967920165734065035
33294751961718
6957653626
5589062962217924
5040652149049860
515731593
666804505440031
044
86207759
974826377
124092404723
3073232407219551913
9862
0302453167404700935
839018271605461631
48495738
73948060048802878921
761140
10718148
679367701881593155
1798162596008767
860371
817439754
66833120
47466323702819
012124
4376928100708888
66561163452491521599
53478104065201537
937384038786
182319480859
37265
57931223440751273
46839
120749262311
5255385
95720266726867494
16197587351546955
202682583426344095
35461143434088
22223666327572
59974
29311845395288368863
450591982883743554
38369168005835
9888888
97577
4423188811448138093
34038
50851921541062536893
831824080739131212
3350578242800325
847246
68467
884769671722371795
627
523083913988749
0341
023584798462029020
2599
73580686
9499314
1331988125101857
473167664
458595149152735
97155037108894437460
83526609009377930
3534614546737
579612
0374333
2402717579629133338
2479400057152218
4523659246814
4562322843052036308
6635
1565140
53968458323486
32215014442880974
09351595342924
4330282062163151
903949055
14597847559687
4175900411990939
0049764644358389
627
6572
06633680
8750930287866
706691635670570
98767046244664
26926963453411
73050
2948
68872512700700404994
461468551065017595
0278
376719014733804944
4228414199
0931274872
1247
60526110590
91906644
055
88346
47768255349
5380
7543756650439871488
6126
20652072359983937
26749088361167535753
118
13647290395409678
19747483818
50712342934220136
85628
597586490
7878275323731425
35739
7764
787
055
2725
44
7143877475089
4796113
04474
1126685113202222
1265844
89294471090117458595
0569121769520430066
8613385198
09097943
055
42479983584775099
36930653
0892941324432614
98063825948
118
134872635058
341
1801015
98086354070088091
97483152910086412
22968166672456456
8121851563421187
211846438
89743004135
850
8163850271
22253049438
198517
29462096514863395199
3059
270638465
1937519
3221097113893
08670
6318597694340577
45844990025926993493
15797
9290
713110112072
6957623
90272734944202825
81196712094
883765616
71987359920502239
0898609877970381746
8240485175571117173
50899
6126
41615201626916
50110242854098265170
404652338085
055
123806083284
89315
218469
4836790658945
69087
007862072846
560043653039
7873454702167087015
4528337783025126
782211
3980852555155
507084046448561
3642589880
068001851938819231
596081977183229
660625964
91038380833801239
046788113488433
651706743
787
018620277
423880942363
3163849239043
08643255164426
3059
0831665506622
1286280
19882863
1647681047459695086
56427929
6347310
72138323911014115830
128092172931023
7048058881256769936
33881225771139
7192
65699848
02407475960742
1537940213920470061
9794686
7643
44
497547195049
460005566447642
7465944623575271
5006797
6368791835423196
43326
135716
1396633410046039
6749287
473530396
656471996739300218
85128706312087
3507213751758
8484462101628
419546167
94853
31585065
81342718994507637
1773234262135
429523
44
7444779454491
6446192
49109752472996838
02216
564480102787136
9353
771175273120
310513782165370
3863724076969
564
51040935949135894
49385677670
25965079621637
23350835263646
55644335871669057742
710417475591
8384
814455
70866387384990381883
15990062421765529
22471268
2439
4028
073874146640356820
70565381731489342
22594288
8615033431
74383614346705572960
285327915945619
46088744585
6114905290020323993
7032676750667
58050096118874395914
517659457483491
06276108381498581148
04673353713984642
525508938
0564
4763834203177703514
612377398
4012638379789542
7255124
71124886846839
58719362045734652
609581752047
31587434371632478
984360
87965881953867
262678139
88624612963878
589791166
25806487
567479299342770
1666818
65389340
0739498
5375168272758840338
560566
85553032230584373378
56569072689818
89542495276
3791619550386
0597324075911
6629
94196143748708123481
4177181
92027016
1190539841942784143
7069846
0263728560998626
21659182
76945125150435997491
5779474505744886322
674352660
54699375
99972225444725681
129872124982660
385870586
903131395694233
11354851852663
263311405773944316
474756
27053299249
305620458665
399230394808005943
2739046454521286011
2070695262
30797
50248919101670640
573708244466944644
802735
33108097929132066
44374245329381
278
43870633327689040
88855
590317931604237
8914515675462109723
564
4775112426
957304013517601695
0517467036
797320259
8956
13699
18864
3314387705859852
382080
38253116
2179519708704170
8161
08631730988491774
054308857622
7017551376524617521
852857790
386904370924322027
7539565114978838074
13013137232
4349446
7767375267997163919
4528387763302693830
0778000299813957
1422129259979
37328
5363724843998
37838739154613
2672181443
6269482715
79807021050294
5353218617396609
7192
77464979959462763
9631261888169
9825864
20099126
005664241016618715
132655084115677230
94916
286934
0526872366647
6797605806456962420
1991531
84622579
341491170989576
244981057851
4744153120622517
947425969
83565968387
048529634
09290
6659100163974332476
64305475830138481289
04567457765
065591456877411
39707686819540
627
9513097728354614
1184
7204416009324971331
0940824074731
8301720039475062
0664708982329
44
22318
0423996547959463
46267
19471086
415714947201673
757277943950869342
0076355195
426006280
909542851
62980673212744569898
7543736828
9911228
0960134596
20224768291210153031
564
913
7965351
6921
12569268312224
711887643
5274088509298621
59012667500023848
18316150
97358455152258863667
178416616173
43985046017343
0808520
7478
67618741677962
0009576
920081
640242430767
5260942578
43500616982979
029571874687
701391810806766727
6408193460632
48268781623024367
307632
300941
0740544534674
6858
02090
850303320484432
2671511313152113032
4966506061654313448
2744040194283533
72590
52297880748947649
91434860
4955720503029367
81888235
2640862556062225424
219503181
39308584402243138518
8161
909275837450
6811308834025974
278
81729783018040188
79823711947750957
913
4916330889139477
35676
657462324690818890
9385409743951768
6292343
39028458
12009107
47118485
11239337514
149936206310
75085
44945699683740
251313
64815949
5469137121164873561
0985786687997
571634592660757
37285020
34745467748347
055
512295115341199150
2007025298
311023
317884529354515611
862987028
0888077390774297
23633559567817424764
3689805918896346510
8893
10773824199495039
74862663439809347
35422148
7032
15894317653980684560
4539366
04165238
1505915
86512381754
9262945
118
6267444138
9653733060013947
212015
83668802310829770
63831872068263
671665816263781917
83136903139554436267
42364947
9156896844855193
56889543
4497597
615084073961165
507235277
87488759619
5560854
697183826436570545
236894845360
2376
05358938
82883215866437283
39134736823385
6225229130345260
455783
20048456886
3269936528
700616096
5648260203839227
382652
4041151034899
278
12338144
2216
7047040485013
418943804384668
16953491002436602959
055
3910659899160010
53101191837273
7530988275455474188
356043
6810267898044797852
470238783908959
6270581812181719
210872
01884587
540044831220
652098
015738645136
20580634
3092810964
3827785544723347
5622734268535
33792857416
341
9925015988312615259
457456981149270823
1578378665921
725292
1693
34012418072482452
29084076
74224975
14225886
066273687359
084308494977
118
74528
68728920662828385063
51588969424142
55708048
9867434
95031014858562
41793812336
224909238
69819304854404026759
0702221372231
62766884328979799
4257863282236985184
8390407249633327740
0430372898
81939336648072805339
081660938791853
4756317521144
807042
328172371691391
68022874574417
67332512478
3802285408958880579
039077
118
649743139
49502487370499579624
6505687076641614
1247
3831138549395337
113782389269124
0860643105671699
24530439561778608581
9255733374
548402062842708379
5602970851
794377
06518165555823599755
700660
5281887593083423580
05054981334
28772
73532515958602169
46776
28549
393975
083094791
5039225706769110058
8113160579000139624
45020028
583973845602702335
896308830120817
7223462
0850
958343918613754922
39546592452161004924
50404032864
8930646236108
7541
472658
3678
063142
427453
7623314581
6337148281
7746550
60297680
2868293658634138369
9862
045872355964434
27622683996098605928
4513563766339
74896562884529
815000256
6663764622028772
00732831
8788238499
834188952409035
6528138474391198
6643838657437
18852325040
341
394212
67819390
2428899
2382809987640234060
80712571491
93761315117085255
93940773755515
0225659
6933199
502056858143016099
91809894
99866217958435
2459668515673
072284674741
80514935316
980161880199405562
8997738738793
7541
596925119949
525289672111148591
80990195946238
732428134039998
56929436173752294628
952055540272613
787
40722551721
436498262843154952
49569522281817744577
33311284102395
996522932587
71697140
74528
51262457066940
814072258369247
942121
01657014574418347
836068066277
5253890762718769
43549
886481
627
97062
4983
02142721310433453
341
684046
002417577685232
4187506075023
570823
255360507721835139
66124259602832438
9639
395347777
46948692350
5094
8938459523295
5308763
9024149040024666
62171631314920
10718371
751964
509114054328225967
7170707098569801156
2542355442824
4941682
873286154708657
4760
7255
94376552731
6387897
624013645164837
80678
0253119625918836
6400617310135079728
0383226456994464189
788881551445
738330
82138847228838023
55246221146546994183
9843235432557114631
3303971862
118
02747262533335989
884061847338
15670722
00118
3263855094915745416
28704578
27059216087315
201075
370360
0310946071779
097717174129
7053109204914
4765219959999467957
75737398290452
0864133746140655214
4214350627401584
06443314
5729
21793163451300224417
03481418651886
7481478491466994566
257767
3313172169
67852728999
7561882
4313
798258156
9797467
82461883
724554338
284232599463
6004611068115291
627
556
89546762257538
81655
1403073832376782
97429814
233374752134048
290834
96357268815443255
81346130364266
744997
74782870516924115
60384516342
34610
8125303114
2885
01606482112027765627
090287879922
886158
46839
55188114
34424034409381
89908292
7458557371
22342326399
0953444
11155
589896791165
7224069645517
7193141155574597
145500278
694554489
92801520471078379
929494541
9435258
8098
61054276
97105673616908395011
0736053539554
69624273
8459766670053962275
6682104933
63561650038
58202666942
694437241105385634
3738406662446
5220
25322
296270
11736133
54089464
2282288
30605179675869
7864912404430903093
008097899
4216566360779
9072796456840347157
6623486
8098
2153
128357721884579
819391812791940984
0168592698
5560710254
87239488000547377934
5945628309041730
50674722
2676421750580389
3220469571060
40979583
91563
988416918934
8747716870
2672147356024552
15637
7711588827
2177741264484
3643882611191
48697226215
52542293828878
00595041098917
03561921278851
07137429
4271945
48089735
961434159
5157027362
71582311350
68517326667453
55155096994
32172330231000119
51302465030371
7507581903493387464
183989511960
87354699
972770382
9654394
229569
942146513595
2667579
610047746105026025
51330944